Route 1: [0, 134, 47, 112, 202, 446, 434, 178, 231, 382, 425, 419, 560, 510, 302, 497, 89, 298, 552, 189, 413, 463, 271, 318, 397, 184, 330, 437, 80, 9, 274, 565, 12, 175, 571, 18, 248, 597, 237, 61, 155, 165, 500, 233, 308, 265, 501, 290, 0, 291, 182, 59, 573, 48, 305, 360, 7, 278, 159, 223, 509, 43, 370, 185, 336, 225, 429, 457, 277, 99, 0]
Route 2: [0, 550, 37, 363, 438, 63, 295, 349, 46, 140, 132, 266, 407, 120, 161, 441, 364, 137, 53, 589, 403, 247, 471, 493, 404, 301, 24, 110, 577, 71, 515, 13, 27, 254, 54, 401, 593, 327, 334, 139, 504, 84, 17, 246, 101, 486, 287, 0, 129, 475, 70, 435, 356, 466, 584, 353, 220, 557, 3, 196, 572, 82, 203, 200, 157, 300, 462, 314, 342, 587, 449, 415, 228, 35, 549, 507, 135, 241, 1, 230, 0]
Route 3: [0, 293, 535, 341, 416, 418, 96, 33, 580, 492, 420, 163, 90, 491, 325, 521, 333, 263, 194, 128, 260, 186, 100, 234, 331, 340, 81, 58, 243, 253, 160, 72, 575, 328, 122, 113, 516, 306, 411, 387, 511, 317, 450, 380, 69, 310, 94, 4, 146, 339, 412, 0, 10, 92, 345, 236, 105, 499, 251, 496, 442, 319, 421, 119, 304, 115, 544, 229, 431, 207, 209, 111, 369, 406, 368, 142, 381, 477, 205, 255, 585, 0]
Route 4: [0, 505, 36, 479, 343, 283, 452, 67, 428, 555, 326, 383, 476, 518, 522, 564, 553, 5, 173, 66, 358, 104, 138, 188, 133, 198, 600, 162, 427, 276, 143, 21, 436, 562, 22, 458, 88, 399, 215, 164, 77, 197, 459, 398, 389, 11, 591, 270, 0, 294, 232, 558, 125, 444, 384, 554, 257, 410, 405, 117, 15, 595, 169, 57, 464, 528, 506, 312, 180, 286, 285, 523, 472, 439, 303, 136, 87, 0]
Route 5: [0, 103, 391, 199, 440, 332, 267, 547, 566, 488, 23, 289, 586, 240, 409, 60, 170, 226, 393, 153, 323, 455, 109, 52, 373, 41, 329, 172, 546, 321, 154, 167, 106, 489, 181, 191, 514, 324, 201, 206, 281, 576, 141, 556, 396, 414, 95, 29, 469, 8, 31, 177, 0, 481, 581, 316, 195, 64, 531, 395, 93, 366, 20, 537, 45, 424, 239, 588, 148, 574, 335, 151, 578, 116, 388, 322, 34, 259, 250, 249, 351, 495, 0]
Route 6: [0, 127, 79, 568, 354, 379, 543, 423, 480, 6, 474, 55, 375, 28, 2, 275, 352, 512, 284, 62, 348, 49, 530, 83, 394, 150, 367, 269, 288, 212, 313, 219, 432, 282, 118, 400, 242, 583, 542, 527, 68, 156, 204, 561, 320, 559, 126, 359, 272, 417, 408, 179, 190, 539, 533, 519, 315, 261, 478, 460, 208, 73, 579, 0]
Route 7: [0, 214, 346, 569, 299, 451, 256, 598, 448, 168, 102, 570, 347, 224, 235, 551, 390, 344, 221, 456, 596, 372, 16, 473, 545, 307, 548, 91, 594, 461, 357, 144, 365, 258, 86, 131, 51, 503, 280, 590, 227, 494, 378, 541, 447, 361, 193, 0, 433, 40, 377, 338, 402, 392, 158, 19, 32, 468, 78, 563, 98, 216, 273, 386, 171, 268, 517, 513, 0]
Route 8: [0, 44, 211, 526, 26, 487, 149, 297, 222, 174, 599, 453, 485, 385, 296, 76, 508, 430, 245, 152, 529, 502, 38, 498, 114, 292, 187, 525, 183, 124, 371, 145, 97, 355, 217, 536, 121, 176, 376, 0]
Route 9: [0, 309, 490, 75, 454, 14, 426, 166, 147, 42, 483, 524, 445, 422, 192, 484, 350, 65, 210, 582, 25, 30, 56, 238, 482, 252, 39, 74, 470, 130, 540, 467, 262, 218, 374, 592, 108, 107, 85, 534, 465, 337, 264, 50, 532, 279, 0]
Route 10: [0, 362, 123, 213, 538, 520, 311, 443, 244, 567, 0]
