Route 1: [0, 134, 47, 260, 325, 166, 484, 350, 192, 39, 74, 25, 582, 65, 210, 130, 470, 467, 262, 30, 374, 592, 376, 176, 165, 125, 50, 233, 257, 264, 534, 465, 40, 158, 444, 384, 554, 410, 308, 265, 532, 431, 7, 207, 111, 159, 209, 223, 278, 517, 406, 369, 513, 277, 429, 0, 136, 255, 205, 585, 87, 0]
Route 2: [0, 309, 490, 75, 81, 560, 510, 497, 184, 552, 189, 413, 302, 9, 80, 274, 565, 12, 175, 330, 597, 248, 18, 339, 146, 101, 486, 4, 561, 320, 236, 105, 251, 499, 345, 442, 304, 119, 405, 190, 117, 57, 464, 519, 180, 315, 528, 312, 506, 478, 460, 73, 261, 507, 0, 303, 495, 472, 579, 0]
Route 3: [0, 214, 296, 508, 598, 448, 168, 102, 16, 365, 144, 545, 372, 473, 357, 258, 503, 355, 541, 86, 131, 280, 51, 494, 217, 68, 227, 447, 378, 377, 361, 156, 204, 193, 433, 558, 337, 232, 177, 196, 402, 338, 200, 353, 574, 148, 300, 462, 151, 157, 335, 388, 34, 578, 116, 381, 259, 322, 477, 0, 457, 99, 230, 0]
Route 4: [0, 5, 354, 505, 441, 161, 46, 140, 455, 24, 106, 577, 71, 515, 593, 493, 27, 13, 254, 54, 504, 401, 334, 41, 489, 139, 95, 29, 469, 70, 466, 129, 272, 581, 475, 435, 64, 359, 417, 316, 356, 195, 15, 179, 48, 216, 421, 78, 544, 229, 360, 0, 305, 208, 509, 368, 279, 225, 0]
Route 5: [0, 332, 267, 348, 23, 586, 52, 120, 266, 132, 110, 301, 109, 404, 181, 589, 167, 154, 321, 546, 172, 329, 373, 77, 197, 459, 398, 389, 591, 571, 11, 559, 408, 8, 584, 126, 481, 531, 557, 220, 291, 182, 59, 273, 98, 533, 573, 539, 169, 595, 285, 523, 286, 250, 249, 439, 185, 336, 0]
Route 6: [0, 487, 293, 37, 418, 535, 112, 341, 416, 33, 580, 492, 420, 163, 430, 245, 152, 529, 502, 38, 145, 371, 498, 114, 187, 540, 218, 183, 108, 107, 85, 294, 287, 69, 10, 61, 92, 500, 501, 3, 392, 20, 19, 537, 424, 203, 572, 93, 366, 45, 239, 314, 587, 449, 415, 228, 0, 386, 142, 1, 241, 370, 0]
Route 7: [0, 127, 44, 438, 202, 231, 79, 568, 425, 382, 326, 479, 36, 343, 452, 283, 454, 340, 14, 426, 147, 42, 483, 445, 422, 450, 411, 387, 516, 306, 122, 380, 155, 113, 317, 511, 237, 246, 270, 496, 319, 468, 563, 115, 32, 82, 171, 268, 43, 135, 549, 35, 351, 0]
Route 8: [0, 440, 547, 566, 488, 63, 480, 6, 55, 375, 28, 289, 240, 409, 83, 367, 269, 394, 530, 60, 400, 288, 212, 150, 118, 313, 590, 282, 432, 219, 17, 542, 31, 290, 395, 588, 342, 0]
Route 9: [0, 199, 103, 391, 550, 299, 451, 256, 570, 347, 90, 521, 333, 128, 263, 234, 331, 243, 253, 160, 575, 524, 328, 72, 58, 310, 94, 412, 0]
Route 10: [0, 363, 211, 149, 297, 222, 346, 453, 599, 96, 569, 76, 456, 385, 491, 221, 56, 238, 194, 252, 124, 292, 525, 97, 527, 0]
Route 11: [0, 526, 178, 423, 474, 2, 275, 352, 49, 226, 393, 153, 327, 414, 396, 323, 170, 242, 583, 84, 141, 556, 576, 0]
Route 12: [0, 173, 383, 123, 213, 520, 364, 458, 538, 555, 562, 463, 271, 318, 437, 89, 298, 397, 0]
Route 13: [0, 26, 434, 235, 224, 174, 344, 390, 596, 485, 362, 594, 307, 91, 461, 536, 548, 0]
Route 14: [0, 543, 379, 518, 476, 104, 419, 67, 428, 22, 311, 137, 53, 247, 471, 281, 206, 407, 201, 324, 191, 514, 0]
Route 15: [0, 66, 358, 564, 512, 162, 427, 522, 276, 553, 143, 138, 188, 133, 186, 100, 244, 121, 482, 567, 0]
Route 16: [0, 349, 403, 284, 62, 295, 88, 399, 215, 164, 21, 198, 443, 0]
Route 17: [0, 446, 551, 600, 436, 0]
