Route 1: [0, 103, 391, 297, 149, 451, 299, 222, 347, 453, 96, 420, 521, 19, 333, 128, 263, 194, 56, 39, 25, 582, 74, 540, 210, 467, 470, 130, 592, 218, 262, 30, 165, 237, 309, 112, 294, 163, 429, 268, 368, 125, 558, 279, 50, 187, 264, 292, 498, 38, 82, 534, 465, 97, 477, 203, 40, 177, 485, 550, 0, 62, 512, 23, 531, 324, 573, 179, 539, 190, 15, 359, 117, 559, 77, 197, 48, 549, 21, 436, 343, 305, 397, 312, 499, 105, 12, 478, 261, 437, 302, 510, 283, 73, 562, 22, 555, 383, 553, 241, 63, 44, 0, 336, 102, 193, 594, 461, 91, 307, 473, 548, 16, 171, 3, 214, 599, 293, 230, 535, 290, 585, 225, 491, 124, 502, 529, 371, 337, 245, 392, 93, 346, 37, 390, 487, 0]
Route 2: [0, 199, 440, 438, 231, 427, 480, 6, 488, 566, 375, 55, 526, 26, 66, 452, 67, 428, 419, 104, 358, 173, 600, 162, 522, 143, 188, 198, 133, 47, 58, 94, 486, 101, 345, 246, 216, 57, 581, 286, 489, 71, 27, 254, 70, 523, 327, 466, 356, 593, 129, 0, 239, 542, 17, 242, 49, 576, 141, 556, 396, 414, 393, 95, 314, 462, 300, 150, 212, 313, 219, 353, 148, 204, 574, 259, 588, 361, 68, 227, 503, 151, 338, 578, 200, 280, 590, 335, 116, 388, 378, 86, 258, 34, 381, 291, 400, 60, 250, 249, 59, 439, 185, 495, 228, 0, 446, 90, 457, 567, 45, 536, 205, 256, 255, 224, 267, 295, 533, 11, 464, 364, 137, 53, 181, 191, 441, 161, 247, 407, 206, 493, 404, 301, 24, 455, 140, 132, 332, 0]
Route 3: [0, 416, 33, 221, 580, 492, 325, 252, 152, 372, 365, 357, 362, 145, 131, 541, 51, 494, 217, 322, 107, 108, 183, 85, 296, 456, 386, 270, 561, 320, 571, 519, 496, 442, 507, 538, 458, 126, 373, 172, 154, 106, 64, 472, 195, 285, 169, 316, 272, 319, 563, 421, 119, 115, 78, 412, 425, 382, 568, 79, 0, 434, 202, 443, 287, 43, 310, 243, 7, 509, 42, 445, 380, 122, 328, 524, 575, 72, 360, 4, 304, 370, 146, 339, 597, 298, 330, 413, 463, 318, 248, 18, 138, 354, 276, 476, 518, 379, 474, 2, 28, 0]
Route 4: [0, 348, 547, 5, 479, 36, 326, 505, 349, 543, 564, 184, 497, 552, 189, 565, 460, 80, 89, 271, 175, 180, 88, 399, 398, 459, 389, 591, 469, 408, 236, 506, 251, 274, 468, 20, 410, 532, 257, 554, 238, 32, 229, 544, 351, 587, 342, 595, 321, 546, 135, 35, 481, 303, 136, 0]
Route 5: [0, 418, 178, 363, 211, 46, 240, 586, 83, 394, 226, 182, 110, 403, 589, 109, 515, 13, 54, 504, 84, 583, 118, 432, 282, 156, 29, 31, 8, 584, 435, 401, 475, 577, 417, 220, 570, 395, 0, 134, 273, 98, 405, 315, 528, 9, 426, 223, 159, 113, 317, 411, 431, 484, 517, 376, 374, 233, 406, 65, 265, 277, 99, 579, 87, 0]
Route 6: [0, 168, 448, 508, 76, 569, 385, 235, 174, 551, 331, 234, 100, 186, 482, 430, 525, 527, 447, 557, 208, 560, 69, 278, 61, 500, 598, 196, 402, 355, 424, 537, 572, 157, 449, 289, 415, 127, 1, 0]
Route 7: [0, 341, 260, 10, 490, 75, 81, 92, 147, 387, 350, 422, 166, 253, 160, 483, 450, 516, 306, 121, 155, 511, 377, 144, 545, 433, 232, 158, 444, 384, 308, 111, 176, 207, 209, 369, 513, 192, 14, 454, 340, 244, 0]
Route 8: [0, 423, 275, 409, 530, 367, 269, 288, 153, 323, 170, 281, 471, 201, 514, 41, 329, 139, 501, 366, 142, 344, 0]
Route 9: [0, 52, 520, 213, 123, 266, 167, 311, 215, 164, 334, 0]
Route 10: [0, 120, 352, 284, 596, 114, 0]
