Route 1: [0, 79, 309, 47, 580, 492, 420, 163, 90, 325, 521, 333, 128, 263, 194, 121, 56, 39, 470, 540, 74, 25, 582, 65, 210, 467, 262, 30, 218, 130, 374, 592, 376, 183, 525, 108, 107, 85, 125, 558, 534, 264, 50, 257, 233, 410, 554, 532, 308, 265, 431, 159, 223, 278, 209, 111, 406, 369, 513, 277, 368, 429, 457, 0, 99, 585, 205, 255, 87, 0]
Route 2: [0, 326, 479, 36, 343, 452, 67, 428, 283, 560, 510, 497, 80, 9, 302, 184, 552, 189, 463, 413, 437, 274, 89, 298, 330, 397, 318, 271, 248, 597, 339, 175, 12, 236, 105, 499, 251, 405, 319, 442, 78, 519, 180, 315, 528, 312, 506, 478, 261, 460, 73, 370, 0, 336, 495, 249, 351, 439, 185, 136, 303, 472, 579, 0]
Route 3: [0, 441, 161, 120, 403, 247, 132, 46, 140, 455, 24, 110, 577, 515, 71, 471, 493, 404, 301, 593, 54, 27, 13, 334, 327, 414, 504, 556, 141, 576, 139, 401, 254, 489, 70, 435, 466, 129, 581, 126, 359, 417, 64, 475, 356, 195, 316, 57, 539, 595, 169, 285, 342, 523, 286, 0, 386, 1, 35, 241, 230, 0]
Route 4: [0, 293, 134, 202, 535, 418, 33, 416, 341, 112, 260, 490, 75, 340, 454, 14, 426, 81, 243, 253, 565, 160, 575, 524, 328, 122, 380, 483, 72, 58, 310, 94, 146, 101, 486, 69, 237, 287, 412, 4, 92, 500, 501, 384, 468, 345, 119, 304, 421, 563, 115, 360, 305, 208, 43, 268, 509, 0, 225, 279, 477, 0]
Route 5: [0, 566, 547, 267, 348, 23, 28, 375, 55, 63, 480, 6, 474, 423, 354, 5, 568, 382, 173, 66, 425, 419, 484, 350, 192, 166, 147, 42, 445, 422, 411, 387, 516, 306, 450, 113, 317, 511, 155, 165, 567, 176, 61, 10, 20, 158, 392, 424, 444, 19, 537, 32, 207, 45, 517, 142, 0, 135, 507, 549, 0]
Route 6: [0, 332, 488, 2, 543, 427, 518, 383, 505, 22, 123, 520, 213, 538, 88, 399, 458, 364, 154, 167, 321, 546, 172, 329, 373, 77, 164, 215, 398, 459, 197, 41, 591, 11, 389, 571, 18, 561, 320, 496, 270, 408, 272, 15, 117, 190, 464, 533, 48, 98, 216, 273, 573, 462, 314, 587, 449, 415, 228, 0, 381, 322, 259, 0]
Route 7: [0, 44, 438, 409, 586, 289, 284, 352, 275, 349, 52, 106, 109, 266, 407, 181, 589, 53, 137, 311, 514, 191, 281, 206, 201, 324, 443, 294, 246, 559, 469, 8, 31, 584, 481, 531, 179, 59, 395, 93, 366, 229, 239, 335, 151, 388, 116, 578, 34, 250, 0]
Route 8: [0, 440, 199, 103, 391, 297, 149, 570, 367, 83, 240, 269, 394, 530, 400, 60, 393, 226, 153, 323, 396, 170, 49, 288, 212, 150, 118, 542, 17, 242, 583, 84, 95, 219, 156, 227, 447, 361, 204, 29, 193, 433, 337, 465, 40, 196, 402, 338, 557, 290, 588, 544, 7, 0]
Route 9: [0, 127, 211, 363, 231, 178, 526, 26, 434, 446, 221, 186, 234, 331, 100, 238, 482, 252, 0]
Route 10: [0, 487, 256, 508, 598, 168, 448, 296, 569, 385, 162, 564, 379, 476, 276, 553, 522, 600, 143, 555, 562, 436, 21, 138, 188, 198, 0]
Route 11: [0, 37, 346, 214, 224, 347, 222, 358, 104, 295, 512, 62, 551, 133, 244, 0]
Route 12: [0, 96, 453, 245, 76, 102, 16, 473, 372, 545, 144, 365, 86, 258, 357, 362, 313, 355, 217, 594, 68, 494, 378, 377, 232, 177, 3, 220, 291, 353, 200, 574, 182, 300, 148, 157, 171, 0]
Route 13: [0, 550, 451, 299, 456, 599, 344, 174, 390, 235, 485, 596, 307, 503, 51, 541, 91, 548, 461, 131, 590, 280, 432, 282, 527, 203, 572, 82, 0]
Route 14: [0, 491, 430, 152, 529, 371, 38, 145, 498, 114, 292, 187, 124, 502, 97, 536, 0]
