Route 1: [0, 134, 79, 47, 309, 490, 75, 454, 14, 81, 426, 147, 42, 445, 166, 422, 387, 192, 484, 350, 39, 540, 74, 25, 582, 65, 210, 467, 262, 470, 130, 592, 374, 218, 30, 176, 125, 50, 257, 233, 410, 554, 444, 158, 384, 308, 265, 431, 532, 111, 207, 360, 223, 278, 159, 209, 517, 268, 406, 369, 513, 277, 457, 429, 0, 472, 579, 585, 87, 0]
Route 2: [0, 36, 343, 67, 452, 283, 479, 560, 510, 9, 302, 497, 184, 552, 189, 463, 413, 89, 437, 80, 274, 565, 12, 175, 72, 380, 486, 101, 0, 496, 236, 105, 499, 251, 345, 304, 442, 319, 405, 117, 15, 190, 464, 519, 180, 315, 528, 312, 506, 478, 460, 261, 509, 225, 495, 351, 303, 136, 205, 255, 230, 99, 0]
Route 3: [0, 348, 586, 240, 83, 394, 269, 367, 362, 16, 473, 372, 545, 144, 307, 91, 594, 365, 357, 258, 86, 131, 541, 51, 503, 355, 494, 227, 68, 548, 217, 527, 361, 447, 204, 156, 193, 377, 433, 177, 264, 337, 534, 465, 40, 196, 3, 402, 338, 200, 45, 151, 335, 578, 116, 388, 34, 322, 381, 477, 279, 368, 0]
Route 4: [0, 332, 535, 112, 260, 90, 325, 521, 333, 430, 245, 152, 529, 502, 371, 145, 38, 498, 114, 292, 525, 187, 183, 124, 108, 376, 165, 317, 511, 237, 4, 69, 92, 61, 10, 500, 501, 468, 19, 537, 20, 290, 93, 366, 32, 7, 229, 544, 78, 208, 305, 135, 549, 73, 43, 370, 507, 0]
Route 5: [0, 23, 289, 46, 441, 161, 120, 266, 132, 140, 455, 24, 301, 110, 323, 153, 393, 226, 150, 313, 288, 212, 280, 590, 432, 219, 118, 542, 17, 583, 84, 489, 389, 571, 320, 561, 272, 408, 129, 584, 353, 557, 220, 291, 59, 182, 462, 574, 148, 300, 157, 314, 342, 523, 250, 259, 0, 1, 0]
Route 6: [0, 440, 199, 103, 391, 297, 37, 299, 451, 256, 508, 296, 163, 420, 580, 492, 221, 390, 186, 234, 331, 340, 243, 253, 160, 575, 524, 483, 328, 122, 450, 411, 516, 306, 113, 155, 567, 107, 85, 294, 232, 558, 392, 424, 588, 203, 82, 572, 171, 239, 449, 415, 386, 142, 0, 241, 35, 249, 439, 185, 336, 0]
Route 7: [0, 44, 438, 267, 547, 566, 488, 28, 375, 55, 63, 480, 423, 543, 354, 358, 66, 425, 173, 326, 383, 476, 518, 379, 276, 143, 138, 419, 104, 188, 555, 22, 428, 21, 436, 562, 248, 271, 318, 397, 330, 298, 597, 310, 58, 94, 146, 339, 18, 246, 0]
Route 8: [0, 127, 363, 211, 526, 293, 26, 434, 344, 174, 599, 96, 235, 224, 347, 596, 485, 456, 385, 569, 491, 128, 263, 194, 56, 238, 482, 252, 536, 97, 461, 282, 378, 29, 70, 469, 8, 31, 466, 435, 475, 64, 581, 359, 126, 316, 195, 356, 531, 395, 0, 179, 539, 57, 595, 169, 286, 0]
Route 9: [0, 33, 416, 341, 202, 568, 382, 5, 6, 474, 2, 275, 352, 564, 178, 446, 551, 62, 284, 512, 295, 427, 600, 162, 522, 553, 198, 133, 443, 244, 100, 121, 0]
Route 10: [0, 487, 418, 453, 346, 214, 550, 149, 222, 76, 598, 102, 530, 400, 60, 170, 49, 242, 414, 396, 504, 281, 493, 471, 53, 191, 206, 201, 324, 514, 41, 0]
Route 11: [0, 231, 349, 505, 123, 213, 520, 364, 52, 167, 154, 106, 515, 577, 71, 13, 27, 593, 327, 247, 407, 54, 254, 334, 401, 139, 556, 95, 141, 576, 559, 11, 412, 287, 270, 481, 417, 216, 563, 115, 119, 421, 273, 98, 48, 533, 573, 587, 285, 228, 0]
Route 12: [0, 448, 168, 570, 409, 109, 404, 403, 181, 589, 137, 458, 538, 88, 399, 215, 164, 77, 311, 321, 546, 373, 172, 329, 197, 459, 398, 591, 0]
