Route 1: [0, 325, 521, 491, 252, 268, 333, 128, 263, 194, 39, 25, 582, 74, 540, 65, 210, 467, 470, 130, 592, 218, 262, 30, 176, 125, 279, 50, 264, 257, 410, 374, 308, 265, 376, 532, 368, 537, 366, 19, 238, 111, 209, 517, 387, 317, 113, 411, 431, 369, 406, 233, 554, 430, 124, 529, 502, 38, 477, 0, 446, 230, 14, 426, 7, 42, 445, 575, 72, 486, 345, 274, 302, 597, 330, 318, 248, 421, 560, 310, 243, 287, 443, 79, 0]
Route 2: [0, 326, 21, 555, 36, 479, 343, 452, 283, 510, 497, 184, 552, 189, 413, 9, 80, 565, 12, 105, 499, 175, 237, 69, 4, 261, 236, 251, 442, 319, 405, 197, 77, 15, 272, 581, 106, 321, 172, 117, 559, 519, 571, 180, 315, 528, 312, 506, 478, 460, 18, 73, 370, 0, 550, 37, 344, 225, 163, 457, 99, 112, 341, 585, 45, 392, 97, 144, 68, 258, 594, 91, 307, 548, 193, 171, 177, 296, 569, 456, 386, 0]
Route 3: [0, 332, 59, 351, 556, 396, 393, 95, 182, 242, 240, 400, 83, 394, 462, 300, 150, 219, 367, 269, 288, 212, 503, 355, 86, 131, 541, 51, 494, 227, 217, 447, 378, 377, 361, 156, 259, 557, 433, 337, 534, 465, 40, 196, 402, 578, 200, 572, 203, 151, 338, 590, 157, 204, 335, 388, 116, 381, 322, 0, 1, 354, 553, 427, 379, 474, 481, 539, 464, 364, 286, 489, 64, 472, 195, 523, 327, 593, 401, 27, 475, 579, 455, 301, 404, 493, 181, 137, 53, 191, 161, 324, 407, 132, 17, 542, 439, 289, 23, 2, 62, 0]
Route 4: [0, 44, 134, 231, 63, 566, 547, 267, 348, 46, 441, 52, 120, 266, 140, 24, 110, 577, 71, 515, 13, 109, 247, 206, 281, 471, 54, 254, 334, 139, 141, 576, 29, 469, 70, 408, 129, 466, 435, 417, 359, 316, 356, 531, 179, 190, 57, 169, 595, 285, 342, 250, 249, 185, 495, 303, 136, 87, 0]
Route 5: [0, 487, 127, 293, 418, 535, 202, 416, 33, 580, 309, 260, 490, 75, 81, 454, 147, 166, 422, 484, 192, 350, 56, 121, 482, 525, 183, 108, 107, 85, 558, 10, 92, 500, 501, 384, 444, 158, 20, 468, 290, 32, 93, 395, 544, 229, 207, 360, 223, 159, 278, 43, 509, 513, 277, 429, 205, 255, 0]
Route 6: [0, 199, 440, 438, 363, 480, 5, 568, 382, 173, 425, 47, 66, 358, 67, 104, 419, 331, 234, 340, 253, 160, 524, 483, 328, 450, 306, 516, 380, 122, 101, 146, 246, 549, 11, 270, 561, 320, 496, 126, 3, 119, 304, 115, 563, 216, 48, 98, 273, 573, 533, 305, 415, 228, 208, 135, 35, 241, 507, 0]
Route 7: [0, 488, 505, 55, 6, 423, 543, 383, 349, 123, 213, 538, 520, 403, 589, 167, 154, 546, 329, 373, 514, 41, 459, 398, 389, 591, 0]
Route 8: [0, 256, 451, 299, 346, 453, 224, 347, 102, 16, 372, 545, 365, 357, 473, 362, 313, 280, 432, 118, 583, 282, 0]
Route 9: [0, 28, 375, 275, 352, 226, 530, 60, 49, 414, 153, 323, 170, 84, 504, 201, 339, 412, 61, 232, 536, 424, 371, 82, 34, 142, 336, 0]
Route 10: [0, 297, 149, 211, 526, 26, 434, 178, 564, 518, 476, 276, 522, 22, 428, 143, 437, 463, 271, 397, 298, 89, 58, 155, 511, 165, 294, 31, 8, 584, 220, 353, 574, 148, 588, 239, 291, 314, 587, 449, 0]
Route 11: [0, 214, 420, 492, 599, 96, 385, 235, 284, 512, 295, 311, 458, 88, 399, 215, 164, 198, 78, 0]
Route 12: [0, 103, 391, 222, 90, 221, 174, 390, 600, 162, 188, 133, 138, 436, 562, 244, 567, 94, 0]
Route 13: [0, 570, 508, 598, 168, 448, 76, 245, 152, 145, 498, 114, 187, 292, 461, 527, 0]
Route 14: [0, 409, 586, 485, 596, 551, 186, 100, 0]
