Route 1: [0, 44, 211, 526, 178, 293, 260, 309, 490, 75, 454, 14, 81, 426, 147, 42, 445, 524, 328, 166, 422, 450, 411, 516, 387, 192, 484, 350, 39, 540, 130, 470, 74, 262, 25, 582, 467, 210, 65, 30, 218, 374, 592, 376, 165, 155, 511, 176, 233, 257, 125, 50, 264, 337, 465, 0, 442, 405, 319, 48, 464, 117, 15, 539, 533, 519, 180, 315, 506, 528, 135, 35, 241, 1, 142, 368, 336, 136, 185, 303, 439, 351, 495, 87, 585, 99, 0]
Route 2: [0, 36, 479, 47, 202, 446, 434, 26, 560, 510, 9, 302, 497, 184, 189, 413, 463, 271, 318, 397, 552, 298, 89, 437, 80, 274, 565, 12, 175, 330, 597, 146, 339, 248, 18, 94, 412, 246, 0, 408, 417, 316, 126, 359, 216, 273, 563, 115, 78, 544, 229, 7, 360, 111, 406, 268, 517, 509, 513, 369, 277, 457, 429, 225, 0]
Route 3: [0, 267, 547, 348, 289, 226, 240, 586, 530, 83, 269, 367, 362, 16, 473, 372, 545, 144, 258, 365, 307, 91, 548, 217, 461, 594, 357, 131, 86, 541, 51, 503, 355, 97, 377, 378, 227, 68, 447, 361, 193, 433, 534, 558, 20, 158, 392, 196, 3, 557, 220, 353, 291, 182, 59, 415, 449, 587, 250, 342, 472, 579, 0]
Route 4: [0, 438, 363, 231, 427, 505, 520, 538, 458, 364, 52, 154, 167, 106, 493, 577, 71, 515, 334, 593, 54, 13, 27, 504, 396, 323, 414, 327, 401, 139, 556, 141, 170, 242, 84, 576, 95, 489, 469, 8, 31, 29, 466, 70, 272, 581, 475, 356, 435, 195, 64, 531, 395, 290, 0, 179, 190, 57, 595, 169, 285, 523, 286, 507, 549, 73, 370, 0]
Route 5: [0, 127, 487, 440, 23, 441, 161, 120, 266, 46, 132, 140, 109, 404, 301, 110, 24, 455, 153, 393, 400, 394, 212, 288, 280, 590, 313, 150, 583, 17, 118, 219, 282, 494, 156, 204, 432, 584, 129, 0, 232, 444, 384, 554, 410, 308, 265, 19, 532, 537, 424, 572, 82, 45, 93, 239, 588, 314, 462, 300, 578, 151, 116, 388, 34, 322, 381, 477, 279, 205, 255, 0]
Route 6: [0, 37, 346, 214, 550, 235, 199, 103, 391, 297, 149, 296, 569, 456, 451, 256, 448, 168, 598, 508, 76, 485, 596, 385, 245, 145, 38, 371, 498, 114, 187, 292, 502, 529, 536, 108, 183, 525, 124, 107, 85, 482, 121, 567, 237, 10, 69, 287, 4, 496, 561, 320, 481, 0, 177, 40, 402, 338, 203, 366, 32, 207, 431, 209, 159, 278, 223, 478, 312, 261, 460, 230, 0]
Route 7: [0, 134, 79, 63, 480, 6, 474, 423, 522, 326, 562, 343, 283, 452, 67, 428, 22, 555, 123, 213, 311, 137, 589, 181, 88, 399, 215, 164, 41, 329, 172, 546, 321, 373, 197, 459, 398, 77, 559, 389, 11, 591, 571, 236, 105, 499, 251, 345, 119, 304, 421, 98, 573, 157, 335, 171, 259, 249, 0]
Route 8: [0, 418, 535, 112, 341, 416, 33, 580, 420, 96, 453, 347, 570, 222, 224, 390, 174, 344, 599, 102, 409, 60, 49, 281, 254, 471, 247, 403, 53, 191, 514, 324, 201, 407, 206, 542, 527, 270, 92, 61, 500, 501, 468, 148, 200, 574, 386, 228, 305, 208, 0]
Route 9: [0, 332, 566, 488, 28, 375, 55, 568, 382, 66, 358, 104, 425, 173, 5, 354, 276, 476, 383, 518, 379, 564, 543, 349, 275, 352, 512, 284, 62, 2, 295, 600, 162, 553, 188, 419, 138, 436, 21, 143, 198, 133, 443, 244, 58, 310, 486, 101, 43, 0]
Route 10: [0, 299, 152, 491, 492, 221, 163, 90, 325, 521, 333, 263, 128, 194, 56, 238, 340, 331, 243, 100, 186, 234, 253, 160, 72, 575, 122, 380, 306, 113, 317, 294, 0]
Route 11: [0, 551, 430, 483, 252, 0]
