Route 1: [0, 63, 208, 161, 412, 404, 283, 226, 5, 425, 470, 184, 27, 146, 454, 112, 538, 215, 367, 103, 315, 136, 581, 355, 262, 256, 120, 133, 391, 163, 509, 388, 514, 307, 544, 400, 0]
Route 2: [0, 301, 312, 340, 431, 40, 243, 64, 448, 598, 173, 534, 117, 423, 273, 175, 318, 217, 490, 385, 157, 438, 1, 302, 417, 373, 96, 179, 540, 174, 324, 216, 41, 325, 89, 130, 0]
Route 3: [0, 591, 472, 195, 87, 432, 406, 532, 381, 124, 290, 566, 259, 267, 304, 49, 480, 576, 531, 65, 278, 445, 561, 512, 68, 69, 353, 349, 50, 468, 545, 224, 138, 114, 0]
Route 4: [0, 110, 436, 461, 39, 10, 14, 194, 494, 178, 323, 250, 440, 12, 361, 237, 505, 370, 405, 197, 314, 583, 600, 348, 44, 378, 556, 415, 76, 235, 341, 193, 322, 129, 108, 127, 0]
Route 5: [0, 464, 24, 327, 593, 182, 142, 414, 83, 168, 192, 61, 524, 548, 482, 245, 549, 148, 543, 8, 201, 202, 90, 277, 458, 189, 242, 508, 141, 159, 285, 23, 20, 363, 339, 526, 0]
Route 6: [0, 469, 559, 203, 542, 280, 52, 35, 562, 441, 397, 488, 269, 164, 428, 599, 258, 597, 85, 289, 386, 476, 582, 71, 568, 350, 497, 515, 416, 551, 390, 529, 191, 98, 57, 95, 28, 0]
Route 7: [0, 347, 474, 135, 212, 56, 313, 67, 229, 21, 220, 137, 501, 570, 356, 30, 572, 211, 345, 218, 121, 451, 578, 73, 503, 580, 300, 166, 72, 530, 457, 571, 93, 377, 365, 0]
Route 8: [0, 188, 496, 507, 447, 500, 489, 399, 321, 467, 499, 81, 539, 104, 91, 473, 557, 257, 338, 48, 395, 185, 466, 183, 380, 413, 344, 139, 379, 475, 360, 446, 343, 3, 0]
Route 9: [0, 382, 547, 272, 296, 99, 332, 13, 186, 523, 402, 150, 462, 498, 537, 528, 198, 181, 387, 17, 577, 393, 60, 398, 407, 9, 55, 190, 147, 444, 156, 596, 564, 22, 0]
Route 10: [0, 151, 116, 352, 209, 594, 384, 504, 346, 309, 459, 255, 320, 342, 248, 230, 456, 335, 575, 160, 225, 165, 180, 241, 306, 420, 107, 177, 305, 392, 254, 492, 238, 118, 0]
Route 11: [0, 25, 37, 19, 253, 132, 366, 471, 533, 271, 70, 434, 274, 288, 299, 310, 54, 574, 140, 319, 47, 109, 115, 419, 330, 29, 424, 560, 236, 546, 336, 495, 465, 372, 0]
Route 12: [0, 34, 409, 550, 281, 590, 506, 522, 171, 106, 252, 316, 452, 520, 308, 519, 213, 187, 297, 2, 585, 326, 359, 443, 170, 43, 463, 131, 368, 66, 491, 535, 247, 328, 228, 0]
Route 13: [0, 94, 383, 282, 376, 333, 240, 357, 518, 358, 586, 92, 105, 449, 266, 410, 389, 502, 294, 484, 374, 477, 513, 231, 33, 421, 569, 516, 0]
Route 14: [0, 199, 261, 223, 541, 493, 79, 200, 521, 74, 51, 113, 510, 249, 525, 450, 439, 369, 329, 487, 298, 486, 126, 219, 589, 214, 77, 286, 279, 317, 144, 239, 437, 16, 0]
Route 15: [0, 152, 169, 58, 426, 78, 80, 154, 418, 143, 176, 293, 149, 427, 82, 433, 59, 401, 119, 592, 42, 460, 552, 276, 364, 88, 579, 567, 270, 396, 565, 478, 75, 167, 0]
Route 16: [0, 222, 430, 134, 554, 46, 563, 251, 18, 536, 221, 155, 204, 375, 145, 11, 527, 227, 15, 371, 311, 284, 125, 442, 62, 32, 234, 479, 334, 158, 481, 101, 122, 584, 102, 45, 0]
Route 17: [0, 553, 111, 517, 573, 362, 511, 558, 205, 97, 260, 6, 337, 196, 265, 153, 351, 483, 123, 36, 587, 172, 268, 595, 429, 485, 263, 453, 264, 84, 100, 408, 4, 0]
Route 18: [0, 331, 207, 295, 210, 162, 26, 394, 31, 287, 455, 555, 411, 38, 7, 291, 128, 588, 246, 233, 435, 292, 275, 303, 232, 206, 244, 86, 403, 53, 354, 422, 0]
