Route 1: [0, 199, 63, 208, 541, 223, 493, 226, 171, 252, 98, 316, 452, 520, 450, 369, 390, 519, 213, 187, 297, 2, 585, 551, 589, 214, 77, 416, 594, 516, 569, 596, 564, 514, 261, 307, 335, 599, 0]
Route 2: [0, 151, 116, 352, 209, 384, 200, 521, 346, 309, 459, 255, 248, 230, 342, 258, 575, 160, 225, 85, 386, 476, 582, 568, 350, 497, 219, 525, 515, 529, 191, 239, 437, 16, 247, 328, 544, 0]
Route 3: [0, 347, 474, 135, 212, 56, 313, 67, 221, 155, 251, 267, 461, 570, 356, 572, 211, 345, 218, 121, 451, 578, 73, 503, 300, 166, 530, 72, 457, 468, 545, 339, 220, 365, 377, 526, 0]
Route 4: [0, 34, 409, 550, 590, 404, 283, 467, 321, 499, 539, 104, 395, 48, 557, 257, 338, 473, 91, 81, 326, 185, 447, 170, 43, 286, 279, 317, 538, 112, 163, 126, 113, 51, 597, 0]
Route 5: [0, 152, 169, 58, 426, 80, 154, 78, 418, 143, 176, 293, 427, 119, 567, 59, 401, 123, 36, 172, 268, 276, 88, 364, 552, 579, 270, 565, 396, 478, 75, 433, 149, 82, 587, 580, 0]
Route 6: [0, 553, 517, 573, 362, 511, 558, 205, 97, 260, 21, 137, 501, 153, 265, 6, 483, 351, 592, 42, 460, 595, 429, 485, 453, 263, 84, 100, 264, 224, 167, 363, 3, 336, 310, 0]
Route 7: [0, 25, 24, 327, 593, 182, 142, 414, 83, 168, 192, 61, 524, 548, 482, 245, 549, 148, 543, 8, 201, 202, 90, 277, 458, 189, 242, 508, 141, 159, 285, 23, 20, 464, 400, 0]
Route 8: [0, 39, 591, 87, 432, 406, 532, 381, 124, 323, 290, 566, 259, 237, 30, 405, 505, 370, 561, 445, 600, 348, 512, 68, 353, 415, 76, 235, 341, 571, 93, 193, 102, 45, 130, 0]
Route 9: [0, 110, 554, 436, 46, 10, 14, 18, 536, 145, 204, 375, 304, 49, 480, 576, 531, 197, 278, 65, 583, 314, 44, 378, 556, 479, 158, 481, 101, 122, 584, 138, 114, 284, 334, 0]
Route 10: [0, 430, 134, 563, 178, 194, 494, 69, 555, 411, 38, 7, 11, 527, 227, 15, 371, 311, 125, 442, 62, 32, 234, 349, 86, 156, 322, 444, 431, 340, 312, 0]
Route 11: [0, 26, 287, 147, 296, 99, 332, 13, 186, 523, 402, 150, 498, 537, 528, 462, 393, 387, 198, 17, 577, 175, 417, 373, 96, 179, 324, 174, 540, 216, 41, 217, 325, 89, 407, 301, 488, 0]
Route 12: [0, 559, 203, 542, 280, 397, 35, 562, 441, 74, 269, 510, 164, 428, 456, 439, 329, 289, 165, 180, 306, 420, 107, 177, 305, 392, 475, 492, 238, 118, 241, 129, 108, 127, 469, 0]
Route 13: [0, 188, 412, 281, 500, 489, 522, 506, 425, 5, 470, 184, 27, 146, 454, 215, 367, 103, 315, 136, 581, 355, 262, 256, 443, 120, 133, 391, 509, 388, 71, 249, 22, 95, 28, 254, 0]
Route 14: [0, 382, 272, 40, 243, 64, 448, 598, 173, 534, 117, 547, 423, 273, 318, 60, 181, 490, 385, 157, 438, 1, 302, 398, 9, 55, 190, 504, 79, 57, 228, 410, 389, 33, 0]
Route 15: [0, 496, 507, 161, 374, 240, 357, 518, 358, 586, 92, 105, 449, 266, 106, 308, 487, 298, 486, 466, 183, 413, 344, 380, 463, 131, 368, 66, 491, 535, 144, 359, 399, 320, 0]
Route 16: [0, 331, 295, 210, 162, 52, 394, 31, 455, 195, 250, 440, 12, 361, 472, 128, 588, 246, 233, 435, 292, 275, 303, 232, 206, 244, 403, 53, 354, 422, 408, 4, 207, 291, 50, 0]
Route 17: [0, 94, 383, 132, 282, 376, 366, 471, 533, 271, 70, 274, 434, 288, 54, 333, 502, 574, 140, 47, 109, 115, 419, 330, 29, 424, 236, 560, 546, 299, 495, 465, 372, 343, 253, 19, 37, 0]
Route 18: [0, 111, 222, 229, 337, 196, 319, 294, 484, 477, 513, 421, 231, 139, 379, 360, 446, 0]
