Route 1: [0, 222, 430, 554, 134, 251, 221, 536, 18, 49, 155, 204, 375, 145, 11, 527, 227, 15, 125, 284, 62, 442, 32, 234, 479, 334, 158, 481, 101, 122, 138, 584, 114, 377, 365, 224, 0]
Route 2: [0, 496, 507, 447, 500, 522, 506, 467, 489, 499, 81, 539, 104, 91, 473, 557, 257, 338, 48, 395, 326, 344, 185, 466, 183, 413, 380, 463, 131, 368, 66, 491, 535, 437, 328, 98, 0]
Route 3: [0, 347, 111, 553, 313, 67, 501, 563, 267, 259, 566, 290, 405, 531, 65, 576, 311, 371, 36, 483, 123, 503, 300, 580, 84, 100, 72, 530, 457, 468, 545, 339, 526, 0]
Route 4: [0, 34, 409, 550, 281, 590, 399, 321, 425, 5, 470, 184, 27, 146, 103, 367, 215, 454, 112, 538, 359, 213, 585, 279, 170, 43, 286, 317, 144, 239, 16, 247, 57, 514, 307, 0]
Route 5: [0, 331, 461, 39, 10, 14, 194, 323, 124, 381, 250, 12, 237, 304, 480, 505, 370, 278, 197, 314, 583, 445, 561, 512, 68, 69, 44, 556, 378, 349, 353, 102, 93, 193, 108, 0]
Route 6: [0, 152, 169, 58, 426, 78, 154, 418, 143, 176, 80, 427, 149, 293, 401, 119, 592, 42, 460, 552, 276, 364, 88, 579, 567, 595, 263, 485, 270, 396, 565, 478, 75, 167, 363, 0]
Route 7: [0, 591, 472, 195, 87, 432, 406, 532, 440, 361, 178, 494, 572, 211, 356, 137, 570, 345, 30, 348, 600, 435, 303, 232, 206, 244, 86, 403, 571, 341, 235, 76, 415, 45, 130, 0]
Route 8: [0, 464, 24, 327, 593, 182, 142, 414, 83, 168, 192, 61, 524, 548, 482, 245, 543, 8, 148, 549, 201, 202, 90, 277, 458, 189, 242, 508, 141, 159, 285, 23, 20, 400, 3, 28, 0]
Route 9: [0, 94, 383, 132, 366, 282, 376, 333, 240, 357, 518, 140, 358, 92, 105, 449, 266, 410, 389, 502, 574, 294, 484, 374, 477, 513, 231, 33, 139, 379, 228, 475, 360, 446, 544, 596, 95, 0]
Route 10: [0, 362, 573, 517, 205, 558, 97, 260, 6, 196, 265, 153, 21, 351, 82, 59, 433, 172, 587, 578, 73, 268, 429, 453, 264, 166, 254, 492, 238, 118, 0]
Route 11: [0, 63, 208, 161, 412, 188, 79, 200, 452, 316, 252, 226, 520, 521, 249, 113, 51, 71, 525, 329, 297, 2, 187, 77, 589, 443, 214, 551, 390, 515, 129, 127, 0]
Route 12: [0, 261, 223, 541, 493, 404, 283, 384, 459, 230, 248, 271, 274, 434, 70, 310, 54, 319, 299, 288, 47, 115, 419, 109, 560, 424, 236, 330, 29, 495, 465, 546, 372, 343, 0]
Route 13: [0, 199, 25, 37, 19, 253, 533, 471, 586, 106, 171, 450, 439, 369, 519, 308, 487, 262, 256, 315, 136, 581, 355, 120, 133, 391, 163, 509, 388, 219, 569, 564, 22, 0]
Route 14: [0, 542, 203, 209, 594, 116, 352, 151, 504, 346, 74, 510, 164, 342, 255, 320, 309, 486, 298, 350, 568, 582, 476, 497, 126, 444, 156, 322, 53, 354, 422, 408, 0]
Route 15: [0, 243, 40, 448, 64, 186, 13, 332, 99, 150, 402, 523, 498, 537, 462, 17, 528, 387, 318, 490, 60, 417, 577, 393, 373, 96, 179, 324, 540, 216, 41, 325, 89, 0]
Route 16: [0, 280, 52, 431, 382, 547, 272, 296, 117, 534, 173, 598, 423, 273, 175, 198, 181, 438, 157, 1, 385, 217, 174, 302, 407, 398, 9, 55, 190, 147, 4, 0]
Route 17: [0, 559, 207, 295, 210, 31, 301, 312, 340, 287, 455, 555, 411, 38, 7, 291, 128, 588, 275, 233, 292, 246, 180, 306, 420, 107, 165, 416, 529, 191, 516, 0]
Route 18: [0, 469, 436, 46, 162, 26, 394, 35, 562, 441, 397, 488, 269, 160, 289, 85, 599, 456, 386, 335, 258, 241, 177, 305, 392, 421, 336, 0]
Route 19: [0, 110, 474, 135, 212, 56, 220, 229, 337, 511, 597, 428, 575, 225, 451, 121, 218, 50, 0]
