Route 1: [0, 430, 554, 134, 563, 251, 155, 221, 18, 536, 145, 204, 375, 15, 371, 227, 527, 11, 32, 62, 442, 125, 311, 284, 158, 481, 334, 479, 234, 122, 101, 138, 114, 377, 365, 0]
Route 2: [0, 10, 14, 194, 494, 178, 250, 124, 323, 12, 237, 290, 566, 505, 370, 49, 480, 576, 531, 197, 65, 405, 278, 445, 583, 314, 600, 561, 512, 68, 69, 353, 349, 50, 45, 0]
Route 3: [0, 362, 152, 169, 58, 426, 78, 80, 149, 293, 154, 418, 143, 176, 592, 42, 460, 552, 276, 364, 88, 579, 119, 567, 595, 268, 429, 485, 270, 396, 565, 478, 75, 264, 224, 167, 28, 0]
Route 4: [0, 461, 39, 591, 472, 195, 87, 432, 406, 440, 381, 532, 128, 361, 259, 304, 267, 30, 572, 211, 345, 303, 44, 378, 556, 415, 76, 235, 341, 571, 93, 193, 102, 130, 108, 0]
Route 5: [0, 25, 94, 37, 464, 24, 327, 593, 182, 142, 414, 83, 168, 192, 61, 524, 548, 482, 245, 549, 148, 543, 8, 201, 202, 90, 277, 458, 189, 242, 508, 141, 159, 285, 23, 20, 363, 0]
Route 6: [0, 19, 253, 471, 132, 366, 282, 376, 333, 240, 357, 518, 358, 140, 319, 299, 288, 310, 54, 294, 574, 115, 419, 47, 109, 330, 29, 3, 424, 560, 236, 546, 336, 495, 465, 372, 343, 0]
Route 7: [0, 111, 517, 573, 511, 558, 205, 97, 260, 6, 337, 265, 351, 483, 433, 59, 401, 427, 82, 36, 123, 172, 587, 84, 263, 453, 100, 503, 580, 300, 72, 530, 457, 468, 545, 339, 526, 0]
Route 8: [0, 223, 541, 493, 79, 188, 594, 384, 200, 452, 316, 520, 369, 439, 450, 249, 113, 510, 428, 126, 486, 298, 71, 497, 219, 551, 390, 416, 98, 379, 139, 360, 475, 307, 95, 0]
Route 9: [0, 347, 56, 313, 67, 229, 21, 222, 46, 436, 356, 570, 501, 220, 137, 218, 121, 578, 153, 73, 451, 241, 180, 306, 420, 492, 254, 400, 446, 564, 22, 0]
Route 10: [0, 63, 208, 161, 383, 533, 271, 70, 434, 274, 266, 449, 105, 586, 92, 410, 389, 502, 484, 374, 477, 513, 33, 231, 421, 392, 305, 177, 107, 515, 516, 569, 596, 238, 118, 0]
Route 11: [0, 295, 210, 207, 110, 474, 135, 212, 553, 196, 562, 441, 397, 488, 269, 164, 160, 165, 225, 575, 85, 289, 476, 582, 568, 350, 53, 403, 86, 354, 422, 408, 4, 127, 0]
Route 12: [0, 199, 209, 116, 352, 504, 346, 74, 51, 151, 309, 459, 255, 320, 342, 230, 248, 456, 599, 258, 597, 335, 386, 359, 344, 185, 43, 170, 279, 286, 144, 317, 529, 191, 57, 514, 0]
Route 13: [0, 559, 469, 331, 52, 35, 280, 542, 203, 521, 525, 538, 81, 539, 104, 338, 257, 557, 48, 395, 326, 413, 183, 466, 380, 368, 66, 491, 437, 239, 16, 247, 0]
Route 14: [0, 261, 412, 404, 500, 489, 447, 507, 496, 106, 283, 226, 252, 499, 91, 473, 367, 215, 308, 519, 213, 187, 297, 2, 585, 589, 214, 77, 463, 131, 535, 328, 228, 544, 0]
Route 15: [0, 590, 506, 522, 171, 470, 243, 40, 64, 448, 598, 173, 534, 117, 385, 217, 60, 318, 490, 302, 1, 438, 157, 407, 398, 9, 55, 190, 147, 444, 156, 322, 129, 0]
Route 16: [0, 382, 547, 272, 296, 186, 13, 332, 99, 150, 462, 537, 498, 523, 402, 273, 423, 175, 17, 528, 198, 181, 387, 577, 393, 373, 96, 417, 324, 179, 174, 540, 216, 41, 325, 89, 0]
Route 17: [0, 34, 409, 550, 281, 467, 399, 321, 5, 425, 112, 454, 146, 27, 184, 487, 329, 443, 256, 262, 103, 315, 136, 581, 355, 120, 133, 391, 163, 509, 388, 0]
Route 18: [0, 162, 26, 394, 31, 301, 312, 340, 431, 287, 455, 246, 555, 411, 38, 7, 291, 588, 275, 292, 435, 233, 232, 244, 206, 348, 584, 166, 0]
