Route 1: [0, 22, 63, 261, 541, 493, 223, 514, 309, 346, 74, 51, 510, 113, 126, 120, 256, 103, 315, 367, 585, 582, 568, 200, 98, 404, 317, 509, 27, 146, 454, 538, 399, 589, 521, 0]
Route 2: [0, 25, 24, 327, 593, 182, 142, 414, 83, 168, 192, 61, 524, 548, 482, 245, 549, 148, 543, 8, 201, 202, 90, 277, 458, 189, 242, 508, 141, 159, 285, 464, 400, 37, 307, 230, 456, 0]
Route 3: [0, 544, 208, 228, 374, 502, 240, 357, 518, 358, 92, 410, 389, 376, 282, 54, 333, 574, 294, 484, 105, 586, 466, 183, 413, 380, 368, 131, 66, 491, 535, 247, 328, 266, 33, 0]
Route 4: [0, 526, 347, 135, 212, 56, 222, 251, 221, 155, 584, 137, 501, 570, 356, 572, 211, 345, 218, 121, 451, 578, 73, 503, 453, 263, 166, 530, 72, 457, 468, 545, 162, 31, 394, 26, 0]
Route 5: [0, 199, 94, 19, 253, 533, 383, 471, 132, 271, 70, 274, 434, 288, 336, 310, 140, 319, 299, 109, 47, 419, 115, 330, 29, 424, 236, 560, 546, 495, 465, 372, 343, 3, 366, 477, 446, 0]
Route 6: [0, 34, 496, 550, 281, 590, 519, 213, 171, 252, 226, 106, 297, 2, 16, 437, 239, 144, 187, 170, 344, 326, 185, 447, 507, 43, 77, 551, 515, 516, 569, 596, 57, 384, 594, 209, 564, 0]
Route 7: [0, 542, 203, 280, 127, 129, 35, 562, 441, 397, 488, 269, 164, 428, 335, 342, 386, 575, 85, 225, 165, 160, 306, 420, 107, 177, 305, 392, 597, 492, 238, 118, 469, 108, 52, 241, 180, 0]
Route 8: [0, 559, 591, 87, 472, 195, 432, 532, 381, 124, 250, 440, 259, 304, 49, 480, 576, 505, 566, 370, 278, 65, 314, 235, 44, 378, 556, 415, 76, 341, 571, 93, 193, 102, 45, 130, 291, 0]
Route 9: [0, 79, 412, 500, 489, 522, 359, 506, 499, 81, 539, 104, 91, 473, 557, 257, 338, 48, 395, 463, 449, 513, 421, 231, 139, 416, 329, 388, 71, 504, 497, 350, 151, 476, 0]
Route 10: [0, 110, 46, 30, 10, 14, 194, 494, 178, 290, 237, 406, 361, 512, 561, 445, 405, 531, 197, 583, 600, 348, 323, 12, 68, 69, 353, 349, 422, 408, 4, 322, 444, 156, 312, 0]
Route 11: [0, 553, 430, 554, 134, 563, 267, 18, 536, 145, 204, 375, 11, 527, 227, 15, 371, 311, 284, 125, 442, 62, 32, 234, 479, 334, 158, 481, 101, 122, 138, 114, 474, 339, 0]
Route 12: [0, 459, 116, 352, 452, 316, 520, 390, 425, 5, 112, 184, 470, 409, 214, 308, 369, 439, 487, 581, 136, 355, 262, 215, 321, 467, 286, 279, 529, 191, 450, 525, 219, 249, 255, 320, 0]
Route 13: [0, 152, 429, 485, 362, 511, 558, 258, 599, 534, 117, 423, 417, 60, 318, 490, 1, 398, 438, 407, 190, 53, 354, 555, 196, 100, 23, 20, 363, 84, 580, 300, 0]
Route 14: [0, 337, 169, 58, 426, 80, 154, 418, 143, 176, 377, 365, 21, 351, 483, 123, 36, 268, 595, 88, 364, 276, 579, 75, 172, 6, 265, 153, 229, 220, 50, 38, 331, 0]
Route 15: [0, 385, 382, 272, 296, 332, 13, 186, 523, 402, 150, 462, 498, 537, 528, 198, 181, 387, 17, 577, 393, 175, 302, 373, 96, 99, 179, 174, 540, 216, 41, 324, 273, 547, 64, 173, 0]
Route 16: [0, 207, 295, 210, 301, 243, 40, 448, 598, 431, 287, 411, 7, 128, 588, 246, 455, 233, 435, 292, 275, 303, 232, 206, 244, 403, 86, 147, 55, 9, 89, 325, 217, 157, 340, 0]
Route 17: [0, 254, 39, 461, 436, 313, 67, 205, 97, 260, 587, 82, 427, 149, 293, 401, 119, 42, 552, 460, 592, 78, 433, 59, 567, 270, 565, 396, 478, 224, 167, 264, 573, 517, 111, 0]
Route 18: [0, 379, 161, 283, 188, 248, 289, 486, 443, 163, 133, 391, 298, 475, 360, 95, 28, 0]
