Route 1: [0, 12, 323, 278, 370, 566, 505, 18, 536, 221, 155, 204, 375, 145, 11, 527, 227, 15, 371, 311, 284, 125, 442, 62, 32, 234, 479, 334, 158, 481, 101, 122, 138, 114, 584, 222, 0]
Route 2: [0, 412, 404, 16, 43, 489, 499, 506, 321, 215, 367, 136, 91, 473, 557, 257, 338, 104, 539, 81, 395, 48, 463, 413, 380, 368, 131, 66, 491, 535, 447, 170, 507, 2, 98, 188, 0]
Route 3: [0, 322, 156, 547, 296, 332, 13, 186, 523, 402, 462, 17, 198, 181, 318, 60, 175, 577, 387, 438, 1, 302, 382, 272, 273, 179, 99, 174, 540, 41, 89, 190, 147, 444, 488, 0]
Route 4: [0, 430, 554, 30, 14, 361, 532, 381, 124, 250, 440, 600, 571, 341, 235, 405, 576, 531, 197, 65, 583, 348, 44, 378, 556, 415, 76, 314, 445, 561, 512, 290, 68, 237, 69, 349, 0]
Route 5: [0, 167, 152, 119, 293, 149, 80, 78, 418, 143, 176, 154, 427, 433, 595, 59, 567, 401, 592, 42, 460, 552, 276, 364, 88, 579, 396, 270, 565, 75, 478, 429, 268, 580, 300, 468, 545, 0]
Route 6: [0, 219, 34, 409, 470, 112, 538, 425, 5, 184, 355, 262, 256, 454, 399, 467, 522, 500, 344, 326, 185, 466, 183, 437, 239, 144, 286, 279, 317, 297, 520, 316, 452, 384, 209, 22, 0]
Route 7: [0, 339, 347, 474, 135, 436, 194, 178, 494, 267, 259, 480, 49, 304, 251, 365, 377, 21, 229, 578, 73, 218, 211, 461, 10, 432, 406, 87, 195, 130, 193, 93, 102, 45, 472, 0]
Route 8: [0, 464, 24, 327, 593, 182, 142, 277, 90, 202, 201, 524, 548, 482, 245, 549, 148, 543, 8, 61, 192, 168, 83, 414, 458, 189, 242, 508, 141, 159, 285, 23, 20, 363, 469, 559, 0]
Route 9: [0, 63, 421, 513, 477, 376, 333, 240, 574, 358, 586, 92, 105, 449, 410, 389, 502, 484, 294, 357, 518, 140, 115, 330, 29, 424, 236, 560, 546, 495, 465, 343, 70, 271, 253, 19, 37, 0]
Route 10: [0, 111, 337, 6, 58, 426, 511, 558, 205, 97, 260, 100, 84, 587, 172, 36, 82, 169, 123, 483, 351, 153, 265, 503, 196, 553, 530, 72, 457, 110, 331, 127, 108, 129, 52, 238, 0]
Route 11: [0, 446, 94, 533, 383, 471, 132, 54, 310, 274, 434, 336, 288, 299, 319, 47, 419, 109, 366, 282, 374, 266, 33, 231, 139, 228, 328, 247, 390, 329, 298, 388, 71, 346, 335, 0]
Route 12: [0, 203, 107, 386, 281, 590, 214, 551, 529, 252, 283, 226, 106, 171, 77, 308, 359, 213, 187, 496, 585, 519, 589, 550, 163, 391, 133, 120, 509, 443, 27, 146, 487, 525, 249, 504, 0]
Route 13: [0, 50, 39, 46, 563, 134, 313, 67, 220, 137, 501, 570, 356, 572, 345, 451, 212, 517, 573, 362, 264, 453, 485, 263, 56, 121, 353, 591, 128, 422, 408, 4, 295, 0]
Route 14: [0, 25, 372, 3, 400, 248, 230, 74, 51, 113, 510, 497, 582, 342, 320, 255, 516, 459, 309, 352, 200, 521, 450, 439, 369, 416, 191, 161, 379, 208, 57, 261, 307, 392, 305, 177, 0]
Route 15: [0, 207, 210, 26, 394, 31, 287, 53, 354, 455, 555, 411, 38, 7, 291, 588, 246, 233, 435, 292, 275, 303, 232, 206, 244, 86, 403, 162, 492, 118, 562, 35, 441, 397, 241, 280, 0]
Route 16: [0, 199, 116, 493, 541, 223, 514, 456, 420, 542, 180, 165, 160, 164, 428, 575, 225, 289, 476, 151, 350, 568, 515, 594, 79, 544, 475, 360, 569, 596, 564, 95, 28, 597, 254, 0]
Route 17: [0, 258, 599, 85, 269, 534, 173, 598, 448, 64, 423, 417, 393, 498, 537, 528, 150, 325, 490, 216, 324, 96, 373, 217, 385, 157, 398, 9, 55, 407, 431, 40, 243, 340, 312, 301, 0]
Route 18: [0, 117, 126, 581, 315, 103, 486, 306, 224, 166, 526, 0]
