Route 1: [0, 64, 382, 272, 296, 99, 332, 186, 523, 402, 150, 273, 462, 498, 537, 528, 198, 181, 387, 17, 577, 393, 373, 96, 417, 60, 398, 540, 174, 179, 324, 216, 41, 325, 89, 130, 0]
Route 2: [0, 469, 110, 436, 554, 430, 563, 251, 221, 536, 18, 267, 30, 361, 237, 259, 15, 227, 371, 311, 284, 125, 442, 62, 32, 234, 479, 334, 158, 481, 101, 122, 114, 138, 584, 545, 0]
Route 3: [0, 312, 340, 431, 40, 243, 448, 598, 173, 547, 13, 117, 534, 423, 175, 318, 217, 385, 490, 302, 1, 157, 438, 407, 9, 55, 190, 147, 444, 156, 322, 422, 408, 4, 129, 108, 0]
Route 4: [0, 347, 474, 135, 212, 573, 362, 511, 558, 97, 337, 6, 260, 433, 149, 293, 592, 119, 401, 59, 595, 268, 429, 84, 100, 263, 485, 270, 567, 396, 565, 478, 75, 363, 0]
Route 5: [0, 207, 472, 195, 87, 591, 432, 406, 532, 381, 124, 250, 440, 323, 12, 566, 505, 370, 278, 405, 65, 197, 583, 445, 561, 512, 68, 76, 235, 341, 571, 93, 193, 102, 45, 0]
Route 6: [0, 331, 39, 461, 46, 10, 14, 194, 494, 178, 290, 304, 155, 204, 145, 49, 480, 576, 531, 314, 600, 44, 378, 556, 415, 348, 353, 69, 349, 50, 457, 72, 377, 365, 0]
Route 7: [0, 25, 63, 208, 161, 590, 467, 399, 321, 425, 470, 184, 538, 112, 454, 27, 146, 315, 136, 581, 355, 262, 256, 133, 120, 126, 391, 163, 509, 214, 144, 239, 437, 16, 98, 0]
Route 8: [0, 152, 169, 58, 426, 80, 78, 418, 154, 427, 82, 21, 265, 153, 351, 483, 123, 587, 172, 36, 42, 460, 552, 276, 364, 88, 579, 453, 264, 224, 285, 23, 20, 400, 3, 0]
Route 9: [0, 94, 282, 376, 333, 366, 383, 533, 471, 271, 70, 434, 274, 310, 54, 288, 299, 319, 140, 115, 419, 47, 109, 330, 29, 424, 236, 560, 546, 336, 372, 465, 495, 343, 28, 0]
Route 10: [0, 52, 562, 441, 295, 210, 162, 26, 394, 287, 455, 555, 411, 38, 7, 291, 128, 588, 246, 233, 435, 292, 275, 303, 232, 206, 244, 86, 403, 53, 354, 22, 95, 254, 127, 0]
Route 11: [0, 34, 409, 550, 281, 171, 106, 226, 283, 252, 316, 452, 459, 248, 230, 249, 450, 329, 487, 213, 187, 359, 326, 170, 466, 183, 413, 344, 43, 286, 317, 529, 191, 57, 0]
Route 12: [0, 199, 223, 541, 209, 594, 384, 116, 352, 309, 255, 320, 269, 488, 160, 599, 335, 456, 342, 386, 289, 476, 582, 568, 350, 497, 390, 416, 515, 516, 569, 596, 0]
Route 13: [0, 111, 517, 553, 56, 313, 67, 222, 134, 220, 229, 196, 137, 501, 570, 356, 211, 345, 218, 121, 451, 578, 73, 503, 580, 300, 530, 166, 167, 468, 339, 526, 0]
Route 14: [0, 559, 280, 542, 151, 200, 521, 504, 346, 510, 113, 74, 51, 164, 428, 575, 597, 258, 85, 225, 165, 180, 241, 306, 420, 107, 177, 305, 392, 492, 238, 0]
Route 15: [0, 203, 493, 79, 188, 496, 522, 506, 5, 308, 520, 369, 439, 525, 215, 367, 103, 443, 486, 71, 298, 589, 77, 551, 219, 388, 514, 307, 564, 0]
Route 16: [0, 464, 24, 327, 593, 182, 142, 414, 83, 168, 192, 61, 524, 548, 482, 245, 549, 148, 543, 8, 201, 202, 90, 277, 458, 189, 242, 508, 141, 159, 118, 0]
Route 17: [0, 37, 19, 253, 132, 240, 357, 518, 358, 586, 92, 105, 449, 266, 410, 389, 502, 574, 294, 484, 477, 374, 139, 33, 513, 421, 231, 379, 228, 475, 360, 446, 0]
Route 18: [0, 261, 412, 404, 507, 447, 500, 489, 499, 81, 539, 104, 91, 473, 557, 257, 338, 48, 395, 185, 297, 2, 519, 585, 279, 380, 463, 131, 368, 66, 491, 535, 328, 247, 544, 0]
Route 19: [0, 31, 301, 35, 397, 205, 143, 176, 527, 11, 375, 572, 0]
