Route 1: [0, 469, 559, 203, 542, 280, 52, 35, 562, 441, 397, 488, 269, 428, 164, 342, 249, 329, 298, 486, 126, 225, 165, 180, 241, 306, 420, 107, 177, 305, 392, 254, 492, 564, 596, 95, 28, 0]
Route 2: [0, 331, 207, 295, 210, 162, 26, 394, 31, 287, 455, 555, 411, 38, 246, 588, 128, 292, 435, 303, 233, 232, 206, 244, 53, 403, 147, 398, 9, 55, 190, 444, 156, 322, 130, 108, 0]
Route 3: [0, 199, 116, 352, 200, 384, 79, 209, 594, 309, 459, 255, 320, 248, 230, 456, 258, 599, 335, 386, 575, 85, 289, 476, 582, 568, 350, 497, 219, 77, 286, 279, 317, 144, 239, 437, 328, 228, 0]
Route 4: [0, 223, 541, 493, 412, 283, 226, 106, 252, 521, 346, 470, 184, 27, 146, 112, 538, 308, 519, 213, 187, 585, 297, 2, 43, 344, 183, 380, 463, 131, 368, 66, 491, 535, 16, 247, 544, 0]
Route 5: [0, 25, 37, 19, 253, 533, 383, 282, 376, 366, 471, 271, 70, 434, 274, 288, 299, 310, 54, 140, 319, 109, 47, 419, 115, 330, 29, 424, 236, 560, 546, 336, 495, 465, 372, 343, 3, 400, 0]
Route 6: [0, 347, 474, 135, 212, 56, 313, 67, 229, 21, 6, 260, 337, 196, 265, 351, 483, 123, 36, 592, 42, 119, 587, 172, 268, 595, 485, 453, 263, 84, 100, 264, 224, 167, 377, 365, 0]
Route 7: [0, 553, 111, 517, 573, 362, 511, 558, 205, 97, 427, 149, 433, 293, 401, 59, 153, 356, 572, 211, 345, 218, 121, 451, 578, 73, 503, 580, 300, 72, 530, 457, 468, 545, 339, 526, 0]
Route 8: [0, 63, 261, 188, 404, 496, 171, 281, 590, 506, 425, 5, 520, 316, 369, 487, 454, 215, 367, 103, 315, 136, 581, 355, 262, 256, 443, 120, 133, 391, 163, 509, 388, 514, 307, 22, 0]
Route 9: [0, 464, 24, 327, 593, 182, 142, 414, 83, 168, 192, 61, 524, 548, 482, 245, 543, 8, 148, 549, 201, 202, 90, 277, 458, 189, 242, 508, 141, 159, 285, 363, 20, 23, 478, 75, 0]
Route 10: [0, 152, 169, 58, 426, 80, 78, 418, 143, 176, 154, 82, 220, 30, 304, 49, 576, 531, 405, 65, 445, 561, 512, 348, 378, 44, 68, 69, 353, 349, 50, 422, 408, 4, 0]
Route 11: [0, 301, 312, 340, 431, 40, 243, 64, 448, 598, 173, 534, 117, 423, 217, 273, 17, 577, 393, 198, 181, 438, 1, 302, 60, 417, 373, 96, 179, 324, 174, 540, 216, 41, 325, 89, 0]
Route 12: [0, 39, 461, 436, 46, 10, 14, 194, 494, 178, 250, 381, 124, 323, 440, 12, 361, 237, 480, 505, 370, 278, 197, 314, 583, 600, 556, 415, 76, 235, 341, 571, 93, 193, 102, 45, 0]
Route 13: [0, 110, 591, 472, 195, 87, 532, 406, 432, 290, 566, 259, 267, 155, 204, 375, 145, 11, 527, 227, 15, 371, 311, 284, 125, 442, 62, 32, 234, 479, 334, 158, 481, 122, 138, 584, 0]
Route 14: [0, 94, 132, 333, 240, 357, 518, 358, 586, 92, 105, 449, 266, 410, 389, 502, 574, 294, 484, 477, 374, 33, 139, 513, 231, 421, 446, 360, 475, 379, 98, 529, 191, 57, 0]
Route 15: [0, 382, 547, 272, 296, 186, 13, 332, 99, 150, 402, 523, 498, 537, 462, 528, 387, 175, 318, 490, 385, 157, 407, 166, 429, 567, 579, 396, 270, 565, 101, 114, 0]
Route 16: [0, 208, 161, 507, 522, 500, 447, 489, 499, 81, 539, 104, 91, 473, 557, 257, 338, 48, 395, 326, 413, 466, 185, 170, 359, 589, 214, 551, 390, 416, 515, 516, 569, 129, 127, 0]
Route 17: [0, 151, 34, 409, 321, 399, 467, 550, 504, 74, 51, 113, 510, 452, 439, 450, 525, 71, 597, 460, 552, 276, 364, 88, 86, 354, 238, 118, 0]
Route 18: [0, 222, 430, 554, 134, 563, 18, 536, 221, 251, 501, 137, 570, 7, 291, 275, 160, 0]
