Route 1: [0, 382, 547, 272, 296, 99, 332, 13, 186, 523, 402, 273, 150, 462, 498, 537, 528, 198, 181, 490, 385, 157, 438, 407, 179, 96, 373, 324, 216, 540, 41, 325, 89, 322, 28, 0]
Route 2: [0, 554, 430, 222, 134, 563, 251, 18, 536, 221, 155, 204, 375, 145, 11, 527, 227, 15, 371, 311, 284, 125, 442, 62, 32, 234, 479, 334, 158, 481, 101, 122, 138, 584, 114, 377, 365, 0]
Route 3: [0, 63, 496, 507, 447, 500, 489, 522, 506, 499, 81, 539, 104, 91, 473, 557, 257, 338, 48, 395, 326, 185, 466, 183, 413, 380, 463, 131, 368, 66, 491, 535, 437, 239, 328, 228, 0]
Route 4: [0, 301, 312, 340, 431, 40, 243, 64, 448, 598, 173, 534, 117, 423, 217, 318, 175, 387, 17, 577, 393, 417, 60, 1, 302, 174, 398, 9, 55, 147, 444, 156, 408, 4, 129, 108, 0]
Route 5: [0, 110, 436, 46, 10, 14, 494, 290, 323, 124, 250, 440, 12, 361, 30, 49, 576, 531, 405, 505, 370, 278, 445, 561, 348, 512, 68, 69, 353, 349, 50, 571, 193, 22, 95, 0]
Route 6: [0, 34, 409, 550, 281, 590, 467, 399, 321, 425, 5, 470, 184, 27, 146, 454, 112, 367, 103, 315, 136, 581, 355, 120, 262, 256, 589, 551, 416, 529, 191, 247, 98, 57, 514, 307, 0]
Route 7: [0, 573, 152, 169, 58, 426, 80, 154, 78, 418, 143, 176, 293, 149, 427, 82, 59, 401, 119, 592, 42, 460, 552, 276, 364, 88, 579, 567, 270, 396, 565, 478, 75, 167, 526, 339, 0]
Route 8: [0, 591, 472, 195, 87, 532, 381, 406, 432, 194, 178, 237, 566, 259, 267, 304, 480, 65, 197, 314, 583, 600, 44, 206, 378, 556, 415, 76, 235, 341, 93, 102, 45, 130, 127, 0]
Route 9: [0, 37, 19, 253, 471, 132, 366, 333, 240, 357, 518, 358, 586, 449, 266, 410, 389, 319, 115, 419, 47, 109, 330, 29, 424, 236, 560, 546, 336, 495, 465, 372, 343, 3, 400, 0]
Route 10: [0, 116, 352, 188, 79, 200, 521, 283, 226, 106, 171, 252, 316, 452, 520, 369, 439, 308, 519, 187, 297, 2, 585, 359, 214, 77, 170, 344, 43, 286, 279, 317, 144, 16, 544, 0]
Route 11: [0, 111, 517, 362, 511, 558, 205, 97, 260, 6, 337, 196, 265, 153, 351, 483, 123, 36, 433, 595, 268, 587, 172, 263, 453, 84, 300, 580, 100, 264, 224, 20, 363, 0]
Route 12: [0, 347, 474, 135, 212, 56, 553, 313, 67, 229, 21, 220, 137, 501, 570, 356, 211, 345, 218, 121, 451, 578, 73, 503, 429, 485, 166, 72, 530, 457, 468, 545, 0]
Route 13: [0, 25, 94, 282, 376, 383, 533, 271, 70, 434, 274, 288, 299, 310, 54, 140, 574, 294, 484, 502, 374, 477, 513, 139, 33, 231, 421, 379, 475, 360, 446, 0]
Route 14: [0, 199, 223, 541, 493, 412, 404, 105, 92, 255, 320, 248, 230, 428, 575, 289, 329, 298, 486, 71, 126, 391, 133, 443, 509, 163, 388, 422, 0]
Route 15: [0, 203, 542, 280, 151, 209, 594, 384, 504, 346, 309, 459, 342, 456, 335, 599, 258, 597, 85, 225, 165, 241, 180, 306, 420, 107, 177, 305, 392, 238, 492, 254, 569, 596, 564, 0]
Route 16: [0, 559, 207, 295, 210, 162, 26, 394, 31, 287, 455, 555, 38, 7, 291, 128, 588, 246, 275, 435, 233, 292, 303, 232, 244, 86, 403, 190, 53, 354, 0]
Route 17: [0, 208, 161, 261, 52, 562, 35, 269, 51, 74, 113, 510, 249, 450, 525, 487, 538, 215, 213, 386, 476, 582, 568, 350, 497, 219, 390, 515, 516, 0]
Route 18: [0, 464, 24, 327, 593, 182, 142, 414, 83, 168, 192, 61, 524, 548, 482, 245, 549, 148, 543, 8, 201, 202, 90, 277, 458, 189, 242, 508, 141, 159, 285, 23, 118, 0]
Route 19: [0, 469, 331, 461, 39, 411, 441, 397, 488, 164, 160, 572, 0]
