Route 1: [0, 37, 177, 128, 94, 151, 160, 53, 101, 192, 125, 157, 0]
Route 2: [0, 163, 28, 153, 49, 14, 132, 78, 171, 130, 187, 150, 0, 134, 191, 71, 137, 123, 13, 8, 1, 60, 75, 0]
Route 3: [0, 142, 24, 48, 131, 156, 124, 43, 180, 3, 136, 0, 166, 107, 50, 33, 66, 30, 64, 67, 0]
Route 4: [0, 54, 100, 89, 9, 12, 59, 143, 188, 29, 139, 21, 0, 194, 81, 55, 158, 82, 154, 148, 83, 36, 0]
Route 5: [0, 140, 155, 173, 117, 129, 41, 22, 106, 70, 0]
Route 6: [0, 165, 85, 56, 108, 38, 32, 23, 31, 52, 74, 86, 115, 121, 0]
Route 7: [0, 169, 152, 167, 190, 184, 196, 183, 7, 110, 145, 91, 126, 120, 0]
Route 8: [0, 6, 162, 159, 5, 62, 35, 164, 10, 25, 104, 77, 181, 174, 0]
Route 9: [0, 47, 200, 103, 170, 90, 44, 178, 93, 73, 193, 19, 146, 39, 0]
Route 10: [0, 102, 15, 179, 18, 68, 27, 72, 0, 87, 17, 76, 2, 34, 97, 0]
Route 11: [0, 63, 149, 42, 172, 197, 26, 20, 122, 46, 138, 186, 0, 79, 135, 141, 185, 96, 175, 0]
Route 12: [0, 4, 182, 40, 61, 111, 51, 95, 116, 80, 0]
Route 13: [0, 92, 195, 57, 133, 147, 16, 98, 119, 161, 198, 0]
Route 14: [0, 65, 168, 99, 189, 109, 112, 45, 114, 0]
Route 15: [0, 84, 199, 127, 118, 88, 105, 69, 176, 113, 58, 144, 11, 0]
