Route 1: [0, 153, 49, 132, 6, 28, 163, 150, 0, 48, 184, 15, 110, 178, 90, 44, 116, 145, 80, 0]
Route 2: [0, 24, 131, 124, 43, 3, 136, 47, 14, 78, 171, 130, 187, 0, 17, 87, 121, 115, 11, 8, 76, 34, 2, 185, 175, 0]
Route 3: [0, 42, 172, 197, 5, 62, 26, 159, 20, 46, 138, 186, 0, 194, 158, 41, 55, 81, 157, 33, 66, 67, 0]
Route 4: [0, 40, 147, 31, 52, 74, 32, 38, 23, 117, 114, 86, 129, 0]
Route 5: [0, 92, 4, 0, 100, 173, 177, 125, 168, 94, 151, 189, 109, 192, 101, 50, 0]
Route 6: [0, 152, 169, 72, 161, 119, 98, 16, 195, 182, 0, 58, 134, 71, 137, 123, 75, 13, 60, 1, 97, 0]
Route 7: [0, 162, 149, 181, 122, 77, 35, 164, 104, 25, 10, 170, 0, 79, 73, 93, 193, 19, 146, 39, 0]
Route 8: [0, 180, 156, 102, 196, 183, 179, 7, 68, 190, 198, 61, 22, 0, 154, 82, 107, 30, 64, 0]
Route 9: [0, 63, 200, 103, 18, 167, 27, 51, 111, 91, 95, 0]
Route 10: [0, 142, 57, 133, 108, 56, 45, 85, 165, 112, 160, 70, 126, 0]
Route 11: [0, 89, 37, 9, 12, 59, 143, 188, 29, 139, 21, 166, 0, 96, 141, 135, 120, 83, 148, 36, 0]
Route 12: [0, 84, 199, 127, 118, 105, 69, 176, 113, 191, 88, 144, 174, 0]
Route 13: [0, 140, 54, 155, 65, 128, 99, 53, 106, 0]
