Route 1: [0, 100, 37, 9, 12, 59, 173, 188, 29, 139, 21, 166, 194, 41, 0]
Route 2: [0, 84, 199, 118, 69, 176, 113, 58, 134, 144, 137, 123, 75, 0]
Route 3: [0, 177, 128, 168, 99, 94, 151, 112, 114, 86, 0]
Route 4: [0, 153, 163, 6, 49, 14, 132, 78, 171, 130, 150, 0]
Route 5: [0, 182, 57, 133, 147, 40, 16, 98, 119, 161, 72, 0, 17, 13, 8, 60, 1, 97, 174, 64, 0]
Route 6: [0, 131, 36, 7, 68, 18, 190, 51, 198, 0, 92, 158, 106, 117, 108, 85, 143, 0]
Route 7: [0, 28, 162, 172, 197, 5, 159, 20, 46, 138, 186, 135, 0, 55, 81, 33, 125, 160, 109, 157, 30, 67, 0]
Route 8: [0, 31, 53, 23, 52, 74, 192, 50, 107, 82, 154, 24, 48, 0]
Route 9: [0, 165, 45, 56, 38, 32, 129, 22, 195, 0, 96, 185, 141, 122, 77, 10, 193, 26, 62, 0]
Route 10: [0, 42, 181, 35, 164, 104, 25, 120, 149, 63, 39, 187, 0]
Route 11: [0, 142, 152, 169, 61, 111, 91, 116, 93, 19, 170, 146, 73, 0]
Route 12: [0, 140, 88, 87, 89, 0, 121, 115, 11, 71, 105, 127, 191, 0]
Route 13: [0, 4, 156, 102, 196, 43, 180, 3, 136, 90, 79, 178, 124, 0, 184, 183, 15, 179, 0]
Route 14: [0, 54, 155, 65, 189, 101, 66, 2, 76, 34, 175, 0]
Route 15: [0, 47, 200, 103, 44, 145, 80, 126, 70, 167, 27, 83, 95, 148, 110, 0]
