Route 1: [0, 162, 63, 149, 35, 104, 25, 10, 77, 122, 79, 73, 93, 19, 193, 120, 39, 0]
Route 2: [0, 153, 28, 163, 6, 49, 14, 132, 78, 171, 130, 187, 150, 0, 71, 144, 137, 13, 8, 34, 76, 60, 1, 97, 75, 0]
Route 3: [0, 48, 156, 102, 196, 167, 61, 198, 145, 91, 80, 158, 82, 154, 0, 148, 83, 36, 0]
Route 4: [0, 92, 100, 37, 12, 143, 188, 29, 139, 89, 21, 0, 194, 41, 55, 81, 33, 157, 30, 64, 67, 0]
Route 5: [0, 88, 155, 65, 99, 128, 87, 115, 121, 17, 66, 0]
Route 6: [0, 24, 131, 124, 43, 3, 136, 180, 183, 7, 110, 44, 90, 0, 174, 96, 135, 185, 141, 146, 175, 0]
Route 7: [0, 84, 199, 127, 118, 105, 69, 176, 113, 191, 58, 134, 123, 11, 0]
Route 8: [0, 42, 172, 197, 5, 62, 26, 20, 159, 46, 138, 186, 0]
Route 9: [0, 4, 195, 57, 98, 40, 133, 147, 129, 166, 126, 0]
Route 10: [0, 177, 151, 94, 168, 53, 160, 109, 189, 125, 107, 0]
Route 11: [0, 181, 164, 170, 0]
Route 12: [0, 142, 182, 16, 119, 161, 72, 22, 106, 70, 0]
Route 13: [0, 165, 85, 45, 56, 108, 38, 32, 31, 52, 101, 192, 50, 0, 2, 0]
Route 14: [0, 169, 152, 179, 18, 68, 190, 111, 95, 116, 0]
Route 15: [0, 47, 200, 103, 15, 184, 51, 27, 178, 0]
Route 16: [0, 140, 54, 9, 59, 173, 112, 23, 117, 86, 114, 74, 0]
