Route 1: [0, 124, 15, 68, 7, 103, 170, 90, 178, 80, 126, 0, 39, 83, 36, 0]
Route 2: [0, 172, 20, 181, 164, 104, 25, 10, 77, 35, 122, 186, 0, 79, 96, 34, 76, 2, 185, 141, 175, 0]
Route 3: [0, 24, 131, 156, 196, 184, 167, 61, 198, 91, 44, 95, 116, 145, 148, 0]
Route 4: [0, 140, 54, 155, 12, 143, 188, 139, 9, 37, 21, 166, 0, 135, 73, 93, 146, 19, 193, 120, 67, 0]
Route 5: [0, 153, 48, 180, 136, 3, 43, 102, 183, 18, 179, 110, 0, 174, 17, 13, 8, 1, 60, 75, 97, 30, 64, 0]
Route 6: [0, 28, 162, 63, 149, 197, 5, 62, 26, 159, 46, 138, 42, 0, 194, 41, 81, 55, 158, 154, 0]
Route 7: [0, 163, 6, 49, 14, 132, 78, 171, 130, 187, 150, 0, 72, 22, 106, 74, 50, 157, 33, 66, 0]
Route 8: [0, 47, 200, 190, 51, 111, 27, 0]
Route 9: [0, 84, 199, 127, 118, 105, 88, 69, 58, 113, 176, 144, 123, 137, 0]
Route 10: [0, 4, 45, 56, 108, 38, 32, 52, 31, 23, 117, 129, 70, 0]
Route 11: [0, 89, 100, 29, 173, 86, 114, 85, 165, 125, 128, 82, 0]
Route 12: [0, 92, 182, 57, 98, 16, 133, 195, 0, 134, 191, 87, 71, 11, 115, 121, 0]
Route 13: [0, 142, 152, 169, 161, 119, 40, 147, 192, 53, 101, 107, 0]
Route 14: [0, 59, 177, 65, 168, 99, 94, 151, 160, 189, 109, 112, 0]
