Route 1: [0, 169, 119, 195, 114, 56, 45, 188, 29, 139, 21, 0, 17, 121, 115, 11, 75, 1, 97, 30, 67, 0]
Route 2: [0, 142, 4, 0, 54, 100, 173, 86, 108, 38, 32, 23, 117, 52, 74, 70, 0]
Route 3: [0, 140, 155, 65, 168, 94, 125, 109, 112, 50, 192, 101, 194, 107, 0]
Route 4: [0, 92, 182, 57, 133, 147, 40, 16, 98, 72, 0, 166, 81, 55, 41, 158, 0]
Route 5: [0, 24, 156, 102, 196, 15, 179, 68, 7, 43, 3, 136, 0, 80, 145, 116, 178, 93, 83, 148, 36, 0]
Route 6: [0, 131, 48, 180, 124, 183, 190, 167, 61, 198, 111, 91, 126, 0]
Route 7: [0, 163, 28, 6, 132, 78, 171, 130, 187, 150, 0, 89, 87, 58, 134, 71, 137, 123, 13, 8, 60, 64, 0]
Route 8: [0, 84, 199, 127, 118, 105, 88, 69, 191, 113, 176, 144, 174, 73, 120, 0]
Route 9: [0, 162, 20, 138, 46, 159, 5, 62, 26, 170, 79, 0]
Route 10: [0, 37, 177, 128, 53, 31, 106, 129, 157, 33, 0]
Route 11: [0, 49, 14, 47, 63, 149, 200, 103, 95, 44, 110, 90, 146, 19, 193, 39, 0]
Route 12: [0, 153, 18, 51, 27, 184, 152, 161, 22, 0, 96, 135, 141, 185, 2, 34, 76, 175, 0]
Route 13: [0, 42, 172, 197, 181, 122, 77, 35, 164, 104, 25, 10, 186, 0]
Route 14: [0, 9, 12, 59, 143, 165, 85, 160, 151, 99, 189, 0, 66, 82, 154, 0]
