Route 1: [0, 4, 92, 89, 59, 143, 173, 188, 21, 166, 0, 96, 135, 193, 19, 146, 0]
Route 2: [0, 142, 24, 48, 43, 124, 102, 18, 183, 129, 41, 0, 79, 73, 93, 120, 39, 148, 36, 0]
Route 3: [0, 140, 84, 199, 127, 118, 105, 69, 176, 113, 191, 58, 144, 137, 174, 0, 76, 97, 30, 64, 67, 0]
Route 4: [0, 131, 156, 196, 190, 167, 61, 198, 111, 91, 145, 80, 126, 70, 157, 0]
Route 5: [0, 153, 28, 163, 6, 49, 14, 132, 78, 171, 130, 187, 150, 0, 87, 71, 115, 121, 17, 8, 1, 60, 75, 175, 0]
Route 6: [0, 63, 170, 26, 159, 20, 46, 138, 186, 90, 178, 0, 2, 141, 185, 0]
Route 7: [0, 162, 149, 62, 5, 197, 134, 123, 11, 13, 34, 0]
Route 8: [0, 47, 200, 103, 184, 27, 51, 110, 44, 95, 116, 83, 0]
Route 9: [0, 42, 172, 181, 35, 164, 104, 25, 10, 77, 122, 0]
Route 10: [0, 54, 88, 155, 139, 29, 114, 86, 192, 50, 33, 82, 0, 154, 0]
Route 11: [0, 57, 31, 53, 106, 22, 55, 81, 107, 66, 0]
Route 12: [0, 100, 37, 9, 12, 128, 99, 94, 109, 189, 125, 0]
Route 13: [0, 165, 85, 45, 56, 108, 38, 32, 117, 23, 74, 52, 194, 0]
Route 14: [0, 195, 177, 65, 168, 151, 160, 112, 101, 158, 0]
Route 15: [0, 169, 182, 133, 147, 40, 16, 98, 119, 161, 72, 0]
Route 16: [0, 152, 68, 7, 179, 15, 180, 3, 136, 0]
