Route 1: [0, 42, 172, 197, 5, 62, 159, 20, 46, 138, 186, 120, 78, 28, 0]
Route 2: [0, 140, 54, 100, 12, 59, 143, 188, 29, 139, 21, 82, 0, 131, 183, 80, 179, 15, 41, 55, 173, 107, 166, 0]
Route 3: [0, 37, 165, 85, 45, 56, 108, 38, 32, 23, 117, 114, 86, 0, 17, 11, 144, 71, 105, 75, 60, 1, 175, 0]
Route 4: [0, 88, 199, 118, 69, 176, 113, 191, 58, 134, 0, 49, 79, 200, 93, 146, 170, 19, 193, 26, 135, 162, 132, 0]
Route 5: [0, 4, 142, 163, 6, 14, 171, 130, 187, 0, 174, 84, 127, 137, 123, 13, 8, 76, 63, 39, 36, 124, 48, 0]
Route 6: [0, 182, 57, 147, 40, 16, 98, 119, 161, 72, 22, 0, 121, 115, 87, 97, 30, 64, 67, 66, 89, 0]
Route 7: [0, 155, 65, 94, 151, 112, 101, 192, 160, 50, 81, 33, 9, 0, 154, 92, 150, 0]
Route 8: [0, 156, 102, 7, 18, 190, 51, 111, 148, 44, 0, 96, 34, 2, 185, 141, 181, 122, 77, 104, 25, 10, 149, 0]
Route 9: [0, 47, 35, 164, 73, 103, 90, 145, 116, 83, 95, 91, 167, 0]
Route 10: [0, 152, 169, 180, 43, 3, 136, 198, 61, 133, 195, 158, 194, 0, 24, 196, 184, 27, 68, 110, 178, 153, 0]
Route 11: [0, 128, 168, 53, 52, 129, 0, 126, 70, 106, 31, 74, 157, 109, 189, 99, 125, 177, 0]
