Route 1: [0, 153, 28, 163, 6, 49, 14, 132, 78, 171, 130, 187, 150, 0, 87, 71, 137, 123, 13, 8, 60, 1, 97, 75, 175, 0]
Route 2: [0, 142, 24, 15, 196, 183, 110, 44, 90, 80, 178, 93, 120, 0]
Route 3: [0, 102, 179, 7, 68, 18, 190, 184, 27, 198, 0, 107, 158, 82, 154, 30, 64, 67, 0]
Route 4: [0, 4, 152, 167, 61, 111, 95, 145, 91, 116, 193, 19, 146, 0]
Route 5: [0, 182, 57, 133, 147, 40, 16, 98, 119, 161, 72, 0, 79, 73, 34, 76, 2, 39, 148, 36, 0]
Route 6: [0, 48, 131, 156, 124, 43, 180, 3, 136, 134, 174, 96, 0]
Route 7: [0, 47, 200, 103, 51, 22, 106, 194, 126, 83, 0]
Route 8: [0, 54, 155, 65, 151, 109, 189, 125, 101, 192, 50, 33, 157, 0]
Route 9: [0, 31, 108, 56, 38, 32, 23, 117, 129, 121, 17, 0]
Route 10: [0, 165, 85, 45, 53, 112, 114, 86, 55, 81, 66, 0]
Route 11: [0, 177, 128, 168, 99, 94, 160, 52, 74, 41, 70, 0]
Route 12: [0, 42, 181, 35, 164, 104, 25, 138, 186, 135, 185, 0]
Route 13: [0, 92, 195, 169, 0]
Route 14: [0, 100, 37, 9, 12, 59, 143, 173, 188, 29, 139, 21, 166, 0]
Route 15: [0, 140, 88, 89, 58, 191, 144, 115, 11, 0]
Route 16: [0, 84, 199, 127, 118, 105, 69, 176, 113, 0]
Route 17: [0, 162, 63, 149, 170, 10, 77, 122, 141, 0]
Route 18: [0, 172, 197, 5, 62, 26, 159, 20, 46, 0]
