Route 1: [0, 92, 42, 15, 87, 57, 97, 60, 89, 0]
Route 2: [0, 59, 2, 75, 22, 56, 74, 25, 0]
Route 3: [0, 36, 47, 19, 8, 46, 17, 93, 0]
Route 4: [0, 31, 88, 7, 10, 32, 70, 0]
Route 5: [0, 72, 21, 73, 41, 54, 24, 80, 0]
Route 6: [0, 45, 82, 18, 84, 96, 13, 0]
Route 7: [0, 63, 64, 49, 48, 0]
Route 8: [0, 95, 98, 16, 86, 37, 91, 100, 0]
Route 9: [0, 5, 83, 61, 85, 0]
Route 10: [0, 14, 44, 38, 43, 58, 0]
Route 11: [0, 39, 23, 67, 55, 4, 0]
Route 12: [0, 65, 71, 81, 3, 68, 77, 0]
Route 13: [0, 69, 40, 53, 26, 0]
Route 14: [0, 27, 52, 99, 94, 0]
Route 15: [0, 62, 11, 90, 20, 1, 0]
Route 16: [0, 33, 29, 78, 34, 35, 0]
Route 17: [0, 28, 12, 76, 79, 50, 0]
Route 18: [0, 6, 0]
Route 19: [0, 30, 51, 9, 66, 0]
