Route 1: [0, 61, 84, 0]
Route 2: [0, 28, 40, 53, 0]
Route 3: [0, 27, 30, 51, 9, 66, 50, 0]
Route 4: [0, 31, 62, 88, 8, 46, 83, 60, 0]
Route 5: [0, 45, 5, 16, 86, 17, 93, 96, 0]
Route 6: [0, 39, 23, 67, 54, 24, 80, 12, 0]
Route 7: [0, 1, 11, 19, 49, 48, 82, 7, 0]
Route 8: [0, 14, 91, 44, 38, 43, 2, 58, 0]
Route 9: [0, 63, 64, 90, 10, 0]
Route 10: [0, 65, 71, 81, 20, 32, 70, 0]
Route 11: [0, 36, 47, 18, 52, 89, 0]
Route 12: [0, 69, 76, 79, 3, 68, 77, 0]
Route 13: [0, 94, 95, 59, 85, 99, 6, 13, 0]
Route 14: [0, 73, 41, 56, 74, 0]
Route 15: [0, 92, 42, 15, 87, 57, 97, 98, 100, 37, 0]
Route 16: [0, 26, 21, 72, 22, 75, 55, 4, 25, 0]
Route 17: [0, 33, 29, 78, 34, 35, 0]
