Route 1: [0, 36, 64, 49, 19, 47, 48, 82, 7, 0]
Route 2: [0, 71, 65, 78, 34, 35, 81, 50, 0]
Route 3: [0, 18, 45, 83, 60, 99, 6, 96, 95, 94, 13, 58, 0]
Route 4: [0, 21, 72, 73, 2, 40, 53, 26, 68, 29, 80, 12, 0]
Route 5: [0, 27, 69, 30, 9, 66, 20, 51, 1, 28, 0]
Route 6: [0, 90, 63, 11, 8, 46, 17, 5, 89, 0]
Route 7: [0, 52, 62, 88, 84, 61, 85, 98, 37, 93, 59, 0]
Route 8: [0, 33, 3, 76, 79, 10, 32, 70, 31, 0]
Route 9: [0, 92, 43, 15, 57, 22, 75, 56, 4, 25, 0]
Route 10: [0, 97, 42, 41, 74, 0]
Route 11: [0, 14, 44, 38, 86, 16, 91, 100, 0]
Route 12: [0, 54, 39, 23, 67, 55, 24, 77, 0]
Route 13: [0, 87, 0]
