Route 1: [0, 92, 37, 98, 44, 38, 14, 86, 16, 91, 100, 59, 0]
Route 2: [0, 27, 52, 7, 48, 82, 8, 46, 45, 83, 5, 60, 18, 0]
Route 3: [0, 50, 1, 69, 76, 79, 3, 29, 24, 68, 80, 12, 28, 0]
Route 4: [0, 94, 95, 97, 99, 84, 17, 61, 85, 93, 96, 6, 89, 0]
Route 5: [0, 72, 75, 56, 23, 67, 39, 55, 4, 25, 54, 0]
Route 6: [0, 42, 43, 15, 87, 57, 41, 22, 74, 73, 21, 40, 0]
Route 7: [0, 78, 34, 35, 71, 9, 51, 81, 33, 77, 26, 0]
Route 8: [0, 10, 63, 90, 32, 66, 65, 20, 30, 70, 0]
Route 9: [0, 31, 62, 11, 64, 49, 36, 47, 19, 88, 0]
Route 10: [0, 53, 13, 2, 58, 0]
