Route 1: [0, 27, 69, 31, 30, 51, 20, 66, 1, 0]
Route 2: [0, 45, 82, 7, 18, 8, 46, 17, 60, 0]
Route 3: [0, 59, 92, 98, 16, 61, 85, 84, 96, 13, 0]
Route 4: [0, 28, 12, 53, 40, 26, 68, 24, 80, 0]
Route 5: [0, 39, 75, 23, 67, 55, 54, 4, 25, 0]
Route 6: [0, 83, 52, 99, 6, 94, 97, 37, 100, 91, 93, 0]
Route 7: [0, 33, 29, 76, 79, 78, 34, 35, 77, 0]
Route 8: [0, 65, 71, 9, 81, 3, 50, 0]
Route 9: [0, 72, 2, 21, 73, 41, 22, 56, 74, 0]
Route 10: [0, 95, 42, 15, 57, 87, 58, 0]
Route 11: [0, 47, 36, 19, 49, 48, 89, 0]
Route 12: [0, 63, 64, 11, 90, 10, 32, 70, 0]
Route 13: [0, 62, 88, 0]
Route 14: [0, 5, 14, 44, 38, 86, 43, 0]
