Route 1: [0, 65, 71, 9, 81, 3, 68, 54, 58, 0]
Route 2: [0, 39, 23, 67, 41, 75, 74, 4, 21, 0]
Route 3: [0, 63, 11, 64, 49, 46, 82, 7, 52, 0]
Route 4: [0, 83, 45, 16, 61, 99, 6, 94, 95, 13, 0]
Route 5: [0, 33, 29, 76, 79, 78, 24, 80, 77, 12, 0]
Route 6: [0, 27, 69, 1, 30, 51, 20, 66, 35, 34, 0]
Route 7: [0, 48, 47, 36, 19, 90, 10, 32, 70, 50, 0]
Route 8: [0, 28, 26, 40, 73, 22, 56, 55, 25, 72, 0]
Route 9: [0, 92, 37, 42, 15, 57, 87, 97, 59, 5, 60, 89, 0]
Route 10: [0, 2, 14, 44, 38, 86, 43, 100, 91, 98, 0]
Route 11: [0, 31, 62, 88, 8, 84, 17, 85, 93, 96, 0]
Route 12: [0, 18, 53, 0]
