Route 1: [0, 89, 27, 69, 76, 79, 78, 34, 29, 24, 25, 0]
Route 2: [0, 97, 42, 43, 15, 41, 22, 75, 74, 72, 73, 21, 58, 0]
Route 3: [0, 50, 33, 65, 71, 9, 81, 3, 68, 80, 77, 0]
Route 4: [0, 96, 59, 92, 40, 53, 6, 61, 91, 100, 85, 93, 0]
Route 5: [0, 83, 45, 5, 99, 98, 87, 57, 2, 13, 95, 94, 0]
Route 6: [0, 37, 14, 44, 38, 84, 16, 86, 17, 60, 0]
Route 7: [0, 7, 36, 46, 8, 10, 90, 32, 70, 1, 0]
Route 8: [0, 31, 63, 11, 64, 49, 19, 47, 48, 82, 18, 0]
Route 9: [0, 52, 62, 88, 30, 20, 66, 35, 51, 28, 0]
Route 10: [0, 26, 39, 23, 67, 56, 55, 4, 54, 12, 0]
