Route 1: [0, 2, 57, 15, 43, 42, 87, 97, 59, 96, 94, 13, 58, 40, 0]
Route 2: [0, 73, 72, 75, 56, 23, 67, 39, 4, 74, 22, 41, 0]
Route 3: [0, 28, 69, 1, 50, 76, 24, 54, 55, 25, 21, 0]
Route 4: [0, 89, 18, 60, 93, 99, 5, 84, 61, 85, 91, 100, 98, 6, 0]
Route 5: [0, 29, 78, 34, 35, 71, 65, 66, 20, 30, 70, 0]
Route 6: [0, 95, 92, 37, 44, 14, 38, 86, 16, 17, 45, 83, 0]
Route 7: [0, 52, 7, 48, 82, 8, 46, 47, 36, 49, 19, 0]
Route 8: [0, 88, 62, 11, 64, 63, 90, 32, 10, 31, 27, 0]
Route 9: [0, 26, 12, 80, 68, 79, 81, 9, 51, 33, 3, 77, 0]
Route 10: [0, 53, 0]
