Route 1: [0, 95, 14, 44, 38, 86, 84, 93, 37, 100, 91, 0]
Route 2: [0, 28, 69, 30, 51, 9, 81, 78, 34, 35, 77, 0]
Route 3: [0, 59, 5, 61, 16, 85, 99, 94, 6, 96, 89, 0]
Route 4: [0, 92, 98, 42, 15, 57, 87, 43, 97, 13, 0]
Route 5: [0, 83, 82, 7, 88, 18, 8, 46, 17, 0]
Route 6: [0, 62, 19, 11, 63, 90, 10, 50, 1, 0]
Route 7: [0, 33, 29, 12, 76, 79, 3, 68, 55, 25, 0]
Route 8: [0, 45, 47, 36, 64, 49, 48, 60, 0]
Route 9: [0, 27, 52, 31, 71, 65, 66, 20, 32, 70, 0]
Route 10: [0, 2, 75, 73, 21, 40, 53, 26, 54, 24, 80, 0]
Route 11: [0, 72, 39, 67, 23, 41, 22, 74, 56, 4, 58, 0]
