Route 1: [0, 42, 14, 44, 38, 86, 17, 84, 45, 60, 89, 0]
Route 2: [0, 92, 98, 16, 61, 85, 87, 57, 15, 43, 13, 58, 0]
Route 3: [0, 30, 9, 71, 65, 35, 34, 78, 24, 80, 0]
Route 4: [0, 21, 72, 74, 73, 40, 53, 26, 54, 4, 0]
Route 5: [0, 27, 52, 19, 47, 49, 64, 10, 70, 1, 0]
Route 6: [0, 83, 5, 99, 59, 95, 94, 6, 96, 97, 37, 100, 91, 93, 0]
Route 7: [0, 62, 11, 63, 90, 51, 20, 66, 32, 0]
Route 8: [0, 28, 76, 29, 79, 81, 33, 3, 50, 77, 68, 0]
Route 9: [0, 2, 41, 22, 75, 56, 23, 67, 39, 25, 55, 0]
Route 10: [0, 69, 31, 88, 7, 82, 18, 8, 46, 36, 48, 0]
Route 11: [0, 12, 0]
