Route 1: [0, 92, 42, 14, 44, 38, 86, 16, 91, 100, 60, 89, 0]
Route 2: [0, 27, 52, 18, 45, 8, 84, 17, 85, 93, 98, 37, 59, 0]
Route 3: [0, 83, 5, 61, 99, 87, 94, 6, 13, 97, 95, 96, 0]
Route 4: [0, 28, 12, 50, 76, 3, 79, 24, 55, 25, 54, 0]
Route 5: [0, 7, 19, 64, 49, 36, 46, 47, 48, 82, 0]
Route 6: [0, 31, 88, 62, 11, 63, 10, 90, 32, 20, 70, 0]
Route 7: [0, 1, 69, 30, 65, 35, 71, 66, 77, 0]
Route 8: [0, 33, 81, 51, 9, 34, 78, 29, 68, 80, 26, 0]
Route 9: [0, 73, 75, 23, 67, 39, 56, 4, 21, 58, 0]
Route 10: [0, 2, 57, 15, 43, 41, 22, 74, 72, 0]
Route 11: [0, 40, 53, 0]
