Route 1: [0, 95, 92, 98, 85, 93, 99, 6, 94, 58, 53, 26, 0]
Route 2: [0, 61, 44, 14, 38, 86, 16, 91, 100, 37, 59, 0]
Route 3: [0, 82, 7, 48, 19, 11, 63, 90, 32, 10, 70, 1, 0]
Route 4: [0, 27, 31, 88, 62, 64, 49, 36, 47, 46, 0]
Route 5: [0, 52, 18, 60, 83, 8, 45, 17, 84, 5, 96, 89, 0]
Route 6: [0, 12, 76, 33, 81, 34, 78, 79, 3, 29, 80, 68, 77, 0]
Route 7: [0, 69, 30, 51, 9, 35, 71, 65, 66, 20, 0]
Route 8: [0, 21, 73, 72, 41, 22, 74, 75, 56, 23, 39, 4, 54, 0]
Route 9: [0, 28, 40, 2, 87, 57, 15, 43, 42, 97, 13, 0]
Route 10: [0, 67, 25, 55, 24, 50, 0]
