Route 1: [0, 92, 95, 62, 67, 71, 94, 0]
Route 2: [0, 39, 42, 44, 61, 81, 54, 96, 0]
Route 3: [0, 59, 75, 87, 97, 58, 77, 0]
Route 4: [0, 63, 76, 51, 22, 20, 89, 0]
Route 5: [0, 82, 11, 15, 16, 9, 10, 13, 17, 0]
Route 6: [0, 83, 64, 90, 84, 56, 66, 0]
Route 7: [0, 72, 36, 38, 41, 40, 43, 37, 35, 0]
Route 8: [0, 65, 52, 99, 57, 86, 74, 24, 0]
Route 9: [0, 14, 47, 12, 73, 79, 46, 4, 60, 0]
Route 10: [0, 33, 28, 29, 30, 26, 34, 32, 93, 0]
Route 11: [0, 69, 98, 88, 53, 78, 55, 68, 0]
Route 12: [0, 27, 31, 85, 50, 91, 80, 0]
Route 13: [0, 23, 21, 19, 18, 49, 48, 25, 0]
Route 14: [0, 5, 45, 2, 7, 6, 8, 3, 1, 70, 100, 0]
