Route 1: [0, 92, 95, 62, 50, 67, 84, 56, 66, 91, 94, 96, 0]
Route 2: [0, 81, 54, 42, 44, 43, 40, 35, 72, 71, 93, 0]
Route 3: [0, 65, 83, 64, 51, 76, 89, 63, 85, 80, 0]
Route 4: [0, 39, 36, 37, 38, 41, 61, 68, 55, 90, 0]
Route 5: [0, 69, 88, 78, 79, 73, 7, 60, 98, 0]
Route 6: [0, 82, 57, 52, 99, 53, 10, 13, 17, 47, 14, 0]
Route 7: [0, 12, 16, 15, 11, 9, 87, 59, 74, 86, 0]
Route 8: [0, 1, 3, 45, 5, 46, 8, 6, 4, 2, 100, 70, 0]
Route 9: [0, 24, 23, 22, 20, 49, 19, 18, 48, 21, 25, 0]
Route 10: [0, 97, 75, 58, 77, 0]
Route 11: [0, 33, 27, 30, 32, 28, 26, 29, 31, 34, 0]
