Route 1: [0, 33, 28, 27, 26, 32, 31, 34, 50, 94, 0]
Route 2: [0, 39, 71, 67, 84, 56, 66, 80, 0]
Route 3: [0, 42, 61, 81, 90, 68, 55, 70, 0]
Route 4: [0, 36, 44, 40, 38, 41, 43, 35, 37, 72, 0]
Route 5: [0, 92, 62, 29, 30, 54, 93, 96, 0]
Route 6: [0, 65, 82, 69, 88, 53, 9, 10, 13, 59, 52, 0]
Route 7: [0, 21, 23, 19, 48, 18, 49, 89, 95, 0]
Route 8: [0, 14, 47, 73, 79, 78, 17, 60, 0]
Route 9: [0, 98, 12, 11, 15, 16, 87, 97, 75, 58, 0]
Route 10: [0, 85, 63, 76, 51, 22, 20, 25, 24, 83, 0]
Route 11: [0, 2, 45, 1, 3, 5, 8, 6, 46, 4, 7, 100, 0]
Route 12: [0, 91, 64, 99, 86, 57, 74, 77, 0]
