Route 1: [0, 65, 52, 87, 59, 75, 97, 58, 74, 0]
Route 2: [0, 71, 72, 61, 81, 94, 96, 54, 0]
Route 3: [0, 83, 64, 19, 18, 21, 23, 48, 25, 77, 0]
Route 4: [0, 2, 5, 45, 6, 7, 8, 46, 4, 3, 1, 100, 0]
Route 5: [0, 11, 12, 14, 47, 15, 16, 9, 10, 13, 17, 0]
Route 6: [0, 69, 98, 88, 79, 73, 78, 60, 55, 68, 70, 0]
Route 7: [0, 92, 95, 67, 33, 30, 32, 34, 50, 93, 0]
Route 8: [0, 62, 63, 85, 76, 51, 84, 56, 66, 91, 80, 0]
Route 9: [0, 82, 99, 86, 57, 22, 49, 20, 24, 0]
Route 10: [0, 42, 44, 39, 40, 36, 38, 41, 43, 37, 35, 0]
Route 11: [0, 90, 53, 0]
Route 12: [0, 31, 29, 27, 26, 28, 89, 0]
