Route 1: [0, 90, 82, 69, 88, 60, 79, 73, 78, 2, 68, 0]
Route 2: [0, 65, 66, 83, 99, 53, 98, 55, 41, 54, 0]
Route 3: [0, 57, 24, 22, 76, 89, 63, 85, 51, 56, 0]
Route 4: [0, 80, 91, 92, 62, 67, 84, 95, 94, 93, 71, 96, 0]
Route 5: [0, 42, 44, 43, 38, 39, 40, 36, 35, 37, 72, 81, 0]
Route 6: [0, 34, 31, 29, 27, 26, 28, 30, 32, 33, 50, 0]
Route 7: [0, 75, 97, 59, 87, 74, 58, 86, 52, 0]
Route 8: [0, 64, 20, 49, 19, 23, 18, 48, 21, 25, 77, 0]
Route 9: [0, 12, 16, 15, 11, 10, 9, 13, 17, 47, 14, 0]
Route 10: [0, 61, 70, 1, 3, 5, 45, 8, 46, 4, 7, 6, 100, 0]
