Route 1: [0, 69, 98, 82, 99, 52, 86, 57, 20, 22, 24, 66, 0]
Route 2: [0, 65, 12, 14, 47, 15, 16, 17, 78, 60, 55, 70, 0]
Route 3: [0, 83, 64, 19, 49, 18, 21, 48, 23, 25, 77, 0]
Route 4: [0, 92, 95, 67, 71, 72, 93, 96, 54, 68, 0]
Route 5: [0, 27, 29, 31, 34, 28, 26, 30, 32, 33, 0]
Route 6: [0, 88, 79, 73, 90, 53, 10, 13, 0]
Route 7: [0, 2, 5, 8, 7, 6, 46, 1, 3, 45, 4, 100, 0]
Route 8: [0, 11, 9, 87, 59, 75, 97, 58, 74, 0]
Route 9: [0, 61, 81, 94, 50, 62, 56, 91, 80, 0]
Route 10: [0, 42, 44, 41, 39, 40, 36, 35, 37, 38, 43, 0]
Route 11: [0, 84, 85, 63, 51, 76, 89, 0]
