Route 1: [0, 92, 95, 64, 99, 90, 66, 56, 91, 80, 0]
Route 2: [0, 83, 21, 48, 23, 19, 22, 49, 20, 25, 24, 0]
Route 3: [0, 14, 47, 16, 15, 9, 59, 97, 75, 0]
Route 4: [0, 82, 98, 88, 79, 7, 46, 4, 1, 100, 0]
Route 5: [0, 63, 62, 67, 84, 51, 85, 89, 0]
Route 6: [0, 72, 71, 81, 41, 54, 96, 94, 93, 0]
Route 7: [0, 39, 36, 44, 38, 40, 37, 35, 43, 70, 0]
Route 8: [0, 69, 78, 73, 60, 0]
Route 9: [0, 42, 61, 53, 12, 10, 13, 17, 0]
Route 10: [0, 2, 45, 3, 5, 8, 6, 55, 68, 0]
Route 11: [0, 65, 52, 11, 87, 86, 57, 74, 58, 0]
Route 12: [0, 29, 27, 26, 30, 28, 32, 31, 34, 50, 0]
Route 13: [0, 33, 76, 18, 77, 0]
