Route 1: [0, 33, 32, 30, 28, 26, 27, 29, 31, 34, 0]
Route 2: [0, 72, 71, 93, 94, 81, 61, 41, 54, 96, 68, 0]
Route 3: [0, 92, 67, 95, 84, 19, 49, 22, 20, 56, 66, 0]
Route 4: [0, 82, 99, 52, 86, 87, 59, 97, 75, 58, 74, 0]
Route 5: [0, 88, 90, 53, 10, 11, 16, 15, 17, 47, 14, 0]
Route 6: [0, 65, 83, 57, 24, 18, 48, 21, 23, 25, 77, 0]
Route 7: [0, 98, 2, 6, 7, 8, 46, 1, 3, 5, 45, 4, 0]
Route 8: [0, 64, 51, 76, 89, 63, 85, 50, 62, 91, 80, 0]
Route 9: [0, 69, 9, 13, 12, 73, 79, 78, 60, 70, 0]
Route 10: [0, 42, 44, 40, 36, 35, 37, 38, 39, 43, 100, 55, 0]
