Route 1: [0, 293, 535, 416, 341, 33, 492, 121, 482, 567, 176, 233, 468, 0, 395, 239, 386, 228, 185, 136, 0]
Route 2: [0, 418, 221, 580, 420, 163, 90, 333, 128, 263, 56, 238, 294, 0, 3, 557, 220, 353, 574, 157, 171, 381, 368, 429, 99, 0]
Route 3: [0, 76, 245, 371, 498, 114, 292, 525, 183, 124, 107, 433, 177, 0, 421, 304, 528, 312, 506, 208, 370, 230, 585, 0]
Route 4: [0, 430, 152, 529, 38, 502, 85, 108, 264, 50, 257, 554, 290, 0, 305, 549, 135, 35, 495, 303, 0]
Route 5: [0, 44, 127, 0, 96, 235, 222, 217, 307, 541, 68, 204, 584, 462, 300, 0]
Route 6: [0, 438, 363, 211, 526, 178, 26, 434, 446, 0, 487, 551, 390, 237, 287, 10, 501, 431, 159, 278, 223, 509, 0]
Route 7: [0, 199, 103, 297, 149, 347, 224, 550, 599, 174, 344, 0, 591, 11, 559, 126, 272, 531, 415, 449, 587, 249, 250, 351, 439, 0]
Route 8: [0, 37, 453, 296, 569, 299, 485, 596, 456, 385, 536, 0, 408, 581, 316, 15, 117, 180, 315, 519, 286, 507, 0]
Route 9: [0, 440, 214, 346, 451, 256, 97, 145, 377, 534, 337, 392, 0, 366, 268, 517, 369, 513, 277, 457, 255, 87, 0]
Route 10: [0, 568, 382, 173, 358, 104, 419, 138, 188, 133, 66, 443, 0, 558, 444, 384, 19, 32, 7, 360, 478, 261, 460, 0]
Route 11: [0, 479, 510, 497, 302, 80, 437, 330, 184, 597, 339, 146, 0, 481, 179, 190, 57, 595, 169, 285, 523, 472, 579, 0]
Route 12: [0, 367, 150, 269, 280, 590, 227, 447, 361, 193, 158, 0, 229, 142, 279, 0]
Route 13: [0, 46, 132, 266, 109, 403, 247, 407, 201, 324, 191, 514, 0]
Route 14: [0, 36, 343, 452, 283, 248, 189, 463, 413, 298, 18, 246, 0, 20, 537, 424, 572, 82, 388, 116, 322, 477, 205, 0]
Route 15: [0, 455, 24, 110, 301, 404, 493, 471, 281, 206, 0, 465, 338, 151, 34, 336, 0]
Route 16: [0, 425, 560, 274, 565, 12, 486, 236, 105, 499, 119, 73, 0]
Route 17: [0, 332, 547, 566, 28, 375, 2, 512, 62, 284, 527, 200, 402, 0]
Route 18: [0, 491, 252, 187, 0]
Route 19: [0, 586, 409, 240, 49, 593, 401, 139, 334, 70, 356, 435, 342, 0]
Route 20: [0, 202, 81, 426, 147, 42, 524, 445, 483, 72, 345, 43, 0, 1, 225, 0]
Route 21: [0, 325, 521, 194, 39, 74, 540, 470, 130, 218, 374, 592, 376, 0]
Route 22: [0, 63, 383, 326, 123, 520, 88, 571, 561, 442, 319, 0]
Route 23: [0, 134, 354, 5, 47, 243, 58, 328, 575, 69, 412, 563, 0]
Route 24: [0, 348, 289, 60, 530, 400, 170, 242, 84, 583, 17, 469, 59, 0]
Route 25: [0, 474, 505, 213, 538, 458, 399, 215, 164, 77, 197, 459, 398, 389, 270, 0, 216, 48, 533, 464, 539, 573, 241, 0]
Route 26: [0, 112, 490, 234, 14, 253, 160, 94, 310, 92, 61, 265, 308, 0]
Route 27: [0, 83, 394, 212, 288, 313, 219, 118, 432, 282, 8, 0, 115, 544, 0]
Route 28: [0, 508, 598, 448, 168, 548, 365, 258, 86, 51, 494, 0]
Route 29: [0, 65, 210, 467, 262, 582, 25, 30, 125, 203, 578, 335, 0]
Route 30: [0, 309, 75, 340, 454, 331, 100, 244, 186, 155, 317, 232, 0]
Route 31: [0, 102, 16, 372, 545, 473, 91, 461, 594, 357, 156, 148, 259, 0]
Route 32: [0, 23, 52, 364, 311, 373, 41, 64, 195, 182, 314, 0]
Route 33: [0, 267, 275, 441, 161, 120, 181, 53, 137, 589, 327, 466, 29, 0]
Route 34: [0, 552, 9, 89, 397, 318, 271, 175, 320, 359, 0, 207, 209, 0]
Route 35: [0, 79, 522, 476, 22, 428, 67, 562, 101, 4, 251, 78, 0]
Route 36: [0, 484, 350, 422, 166, 380, 122, 511, 500, 532, 410, 111, 406, 0]
Route 37: [0, 391, 570, 362, 144, 131, 503, 355, 378, 40, 196, 93, 45, 0]
Route 38: [0, 488, 349, 518, 276, 143, 436, 555, 21, 291, 588, 0]
Route 39: [0, 480, 6, 423, 543, 379, 564, 600, 162, 427, 553, 198, 0, 496, 405, 98, 273, 0]
Route 40: [0, 226, 393, 153, 323, 414, 396, 504, 556, 141, 576, 95, 0]
Route 41: [0, 106, 167, 154, 321, 546, 172, 329, 489, 417, 0]
Route 42: [0, 140, 577, 71, 515, 13, 27, 254, 54, 475, 129, 0]
Route 43: [0, 260, 192, 387, 411, 516, 306, 450, 113, 165, 0]
Route 44: [0, 231, 55, 295, 352, 542, 31, 0]
