Route 1: [0, 392, 245, 337, 371, 124, 292, 114, 498, 502, 529, 152, 0, 178, 509, 147, 223, 166, 278, 61, 159, 422, 450, 113, 155, 237, 0, 446, 293, 230, 535, 290, 585, 487, 0]
Route 2: [0, 490, 192, 387, 516, 484, 207, 165, 260, 468, 0, 78, 115, 119, 318, 271, 528, 315, 180, 571, 519, 319, 0, 508, 205, 536, 569, 0]
Route 3: [0, 497, 302, 9, 274, 460, 298, 80, 437, 413, 463, 189, 305, 0, 225, 491, 20, 537, 252, 429, 90, 0, 439, 586, 542, 242, 250, 226, 393, 182, 49, 84, 8, 348, 0]
Route 4: [0, 140, 301, 404, 13, 27, 141, 556, 414, 396, 576, 449, 0, 273, 216, 398, 197, 164, 215, 399, 458, 507, 213, 320, 561, 397, 552, 563, 0]
Route 5: [0, 323, 170, 282, 177, 448, 598, 144, 365, 258, 447, 156, 157, 259, 0, 514, 53, 589, 191, 161, 531, 266, 289, 415, 87, 0]
Route 6: [0, 505, 123, 520, 538, 459, 77, 559, 359, 272, 364, 190, 539, 0, 276, 383, 326, 549, 442, 496, 428, 73, 436, 188, 133, 79, 134, 0, 235, 255, 451, 485, 456, 385, 453, 174, 0]
Route 7: [0, 46, 120, 403, 109, 504, 129, 493, 417, 247, 324, 408, 0, 246, 36, 479, 421, 208, 560, 310, 243, 58, 0, 1, 294, 492, 420, 163, 580, 221, 33, 0]
Route 8: [0, 440, 441, 181, 471, 407, 201, 481, 0, 135, 591, 533, 311, 464, 15, 581, 57, 23, 0, 366, 142, 368, 263, 128, 333, 19, 457, 244, 0]
Route 9: [0, 240, 409, 530, 60, 583, 17, 59, 179, 573, 48, 98, 379, 564, 0, 63, 600, 162, 480, 6, 474, 349, 35, 295, 55, 0, 211, 231, 568, 104, 419, 47, 287, 100, 234, 331, 75, 416, 0]
Route 10: [0, 452, 67, 22, 555, 18, 248, 330, 89, 339, 412, 0, 267, 352, 275, 28, 488, 566, 26, 434, 0, 469, 587, 249, 303, 570, 336, 341, 112, 309, 340, 186, 0]
Route 11: [0, 202, 454, 14, 443, 425, 66, 173, 198, 354, 522, 543, 270, 0, 390, 37, 214, 386, 224, 222, 149, 297, 391, 0, 239, 588, 527, 31, 495, 62, 547, 44, 127, 0]
Route 12: [0, 5, 382, 358, 553, 427, 241, 438, 0, 426, 92, 445, 380, 328, 72, 160, 253, 229, 206, 351, 400, 83, 579, 0]
Route 13: [0, 347, 168, 16, 97, 82, 38, 264, 50, 257, 384, 444, 424, 0, 228, 138, 370, 146, 597, 184, 283, 343, 562, 21, 0]
Route 14: [0, 395, 299, 108, 187, 525, 183, 107, 85, 45, 232, 296, 93, 0, 199, 103, 381, 473, 91, 204, 367, 432, 219, 288, 212, 118, 0]
Route 15: [0, 363, 526, 0, 596, 534, 377, 355, 151, 338, 402, 578, 200, 462, 314, 291, 185, 332, 0]
Route 16: [0, 256, 76, 572, 217, 548, 307, 34, 361, 148, 362, 0, 558, 158, 125, 554, 376, 592, 130, 470, 540, 74, 0]
Route 17: [0, 42, 483, 122, 306, 369, 65, 582, 210, 467, 406, 233, 30, 0, 506, 261, 105, 499, 312, 251, 175, 405, 0]
Route 18: [0, 550, 346, 96, 599, 344, 551, 121, 482, 521, 325, 0, 99, 32, 501, 431, 517, 268, 430, 465, 477, 171, 220, 0]
Route 19: [0, 418, 567, 39, 308, 262, 25, 0, 3, 196, 433, 203, 388, 116, 378, 545, 372, 322, 0]
Route 20: [0, 238, 56, 194, 218, 374, 279, 145, 40, 461, 594, 353, 0, 176, 265, 277, 350, 513, 411, 317, 511, 500, 10, 0]
Route 21: [0, 565, 12, 236, 478, 486, 360, 575, 524, 0, 52, 172, 316, 169, 285, 195, 523, 342, 70, 472, 71, 577, 0]
Route 22: [0, 401, 593, 356, 435, 327, 466, 153, 95, 29, 136, 0, 11, 389, 373, 546, 64, 254, 334, 54, 139, 475, 455, 0]
Route 23: [0, 375, 423, 518, 476, 143, 94, 43, 0, 345, 101, 544, 81, 7, 4, 510, 304, 0]
Route 24: [0, 2, 512, 284, 69, 532, 410, 111, 209, 0]
Route 25: [0, 131, 227, 503, 494, 51, 541, 68, 86, 357, 193, 102, 0, 557, 335, 590, 280, 574, 269, 313, 150, 300, 584, 394, 0]
Route 26: [0, 154, 321, 167, 595, 106, 329, 41, 126, 117, 88, 0, 137, 286, 489, 515, 110, 24, 281, 132, 0]
