Route 1: [0, 487, 440, 199, 103, 222, 347, 224, 235, 390, 0, 294, 158, 537, 20, 32, 111, 209, 517, 406, 0]
Route 2: [0, 296, 430, 187, 38, 377, 402, 338, 151, 335, 34, 259, 0]
Route 3: [0, 391, 448, 168, 598, 508, 536, 107, 108, 264, 337, 444, 0, 239, 415, 449, 249, 439, 495, 0]
Route 4: [0, 16, 372, 545, 473, 307, 91, 461, 594, 217, 548, 68, 0, 57, 595, 169, 285, 250, 303, 136, 255, 585, 0]
Route 5: [0, 299, 451, 256, 76, 102, 362, 527, 361, 193, 171, 0]
Route 6: [0, 418, 33, 580, 221, 163, 90, 325, 333, 252, 558, 232, 0, 115, 421, 208, 43, 0]
Route 7: [0, 348, 46, 132, 266, 140, 170, 583, 17, 542, 204, 156, 0, 216, 98, 273, 142, 368, 429, 205, 0]
Route 8: [0, 52, 106, 167, 154, 321, 546, 172, 329, 41, 0]
Route 9: [0, 49, 83, 394, 313, 150, 432, 282, 203, 424, 45, 268, 457, 99, 0]
Route 10: [0, 110, 301, 71, 27, 54, 254, 334, 401, 139, 489, 408, 0, 557, 220, 353, 148, 574, 314, 351, 87, 0]
Route 11: [0, 367, 269, 288, 212, 280, 590, 227, 447, 31, 0, 48, 528, 312, 506, 478, 261, 370, 0]
Route 12: [0, 455, 24, 404, 493, 471, 407, 201, 247, 272, 359, 0, 544, 207, 1, 0]
Route 13: [0, 289, 206, 109, 281, 70, 64, 195, 316, 286, 472, 579, 0]
Route 14: [0, 144, 365, 357, 258, 86, 131, 541, 51, 494, 378, 40, 3, 0]
Route 15: [0, 441, 161, 120, 403, 181, 589, 137, 53, 191, 514, 324, 179, 573, 0]
Route 16: [0, 226, 393, 153, 323, 414, 84, 129, 356, 182, 59, 587, 0]
Route 17: [0, 184, 552, 463, 413, 437, 189, 318, 397, 330, 146, 0, 405, 315, 305, 509, 230, 0]
Route 18: [0, 547, 566, 28, 23, 364, 373, 571, 320, 251, 499, 78, 0]
Route 19: [0, 510, 497, 302, 9, 274, 80, 89, 298, 597, 339, 4, 236, 105, 0]
Route 20: [0, 12, 175, 561, 126, 417, 531, 190, 519, 180, 549, 73, 0]
Route 21: [0, 36, 343, 283, 452, 67, 428, 562, 436, 21, 398, 389, 0, 119, 304, 7, 360, 223, 278, 369, 513, 277, 0]
Route 22: [0, 297, 149, 550, 599, 174, 344, 491, 482, 176, 50, 392, 572, 0]
Route 23: [0, 354, 383, 326, 349, 295, 311, 77, 459, 197, 0, 468, 290, 395, 533, 135, 35, 185, 336, 0]
Route 24: [0, 63, 474, 520, 538, 458, 88, 399, 215, 164, 559, 117, 507, 0]
Route 25: [0, 505, 123, 213, 248, 11, 581, 15, 464, 539, 241, 0]
Route 26: [0, 332, 267, 55, 522, 476, 276, 143, 443, 0, 469, 481, 228, 386, 0]
Route 27: [0, 425, 382, 173, 358, 104, 555, 22, 271, 270, 319, 442, 563, 0]
Route 28: [0, 488, 375, 2, 275, 352, 512, 284, 62, 600, 18, 496, 460, 0]
Route 29: [0, 127, 363, 211, 526, 178, 26, 434, 446, 551, 237, 69, 229, 0]
Route 30: [0, 503, 355, 0]
Route 31: [0, 535, 416, 341, 112, 186, 244, 243, 310, 94, 412, 0]
Route 32: [0, 79, 6, 423, 543, 379, 564, 162, 427, 553, 591, 475, 342, 523, 0]
Route 33: [0, 44, 438, 480, 518, 479, 560, 565, 486, 92, 0, 93, 225, 0]
Route 34: [0, 152, 529, 502, 114, 292, 525, 183, 124, 85, 125, 19, 0]
Route 35: [0, 134, 14, 147, 42, 445, 483, 328, 122, 380, 233, 410, 308, 265, 0]
Route 36: [0, 484, 192, 387, 411, 516, 306, 30, 257, 554, 532, 388, 477, 0]
Route 37: [0, 350, 166, 422, 450, 113, 317, 511, 61, 500, 431, 159, 0]
Route 38: [0, 570, 242, 504, 396, 141, 556, 576, 95, 8, 291, 588, 0]
Route 39: [0, 47, 81, 253, 160, 155, 165, 465, 534, 82, 279, 0]
Route 40: [0, 586, 240, 409, 60, 400, 530, 118, 219, 29, 584, 462, 0]
Route 41: [0, 420, 521, 128, 263, 194, 56, 238, 121, 567, 10, 0]
Route 42: [0, 245, 498, 371, 145, 97, 433, 177, 196, 200, 578, 116, 0]
Route 43: [0, 39, 74, 540, 470, 130, 218, 374, 592, 376, 384, 366, 0]
Route 44: [0, 293, 492, 25, 582, 65, 210, 467, 262, 501, 0]
Route 45: [0, 202, 309, 490, 75, 340, 454, 331, 234, 100, 58, 287, 0]
Route 46: [0, 231, 5, 568, 66, 419, 138, 188, 133, 198, 246, 0, 435, 300, 157, 381, 322, 0]
Route 47: [0, 37, 453, 214, 96, 346, 569, 385, 456, 485, 596, 0]
Route 48: [0, 260, 426, 524, 575, 72, 101, 345, 0]
Route 49: [0, 577, 515, 13, 593, 327, 466, 0]
