Route 1: [0, 37, 235, 224, 347, 222, 149, 297, 391, 103, 199, 0, 198, 246, 18, 496, 561, 320, 405, 442, 319, 48, 98, 216, 273, 0, 228, 415, 449, 249, 351, 439, 303, 185, 495, 87, 0]
Route 2: [0, 427, 522, 518, 383, 476, 276, 354, 5, 553, 600, 0, 558, 158, 264, 444, 384, 537, 20, 366, 239, 0, 35, 549, 241, 0]
Route 3: [0, 299, 451, 256, 448, 569, 385, 456, 485, 596, 0, 193, 433, 40, 203, 196, 557, 353, 588, 157, 34, 259, 136, 0]
Route 4: [0, 76, 508, 168, 598, 245, 152, 107, 124, 525, 183, 108, 85, 0, 3, 220, 291, 574, 300, 587, 250, 579, 0]
Route 5: [0, 332, 62, 295, 349, 505, 123, 520, 458, 398, 197, 389, 11, 0, 148, 200, 578, 335, 322, 477, 205, 255, 0]
Route 6: [0, 132, 266, 109, 471, 493, 301, 404, 407, 324, 0, 337, 534, 465, 338, 151, 388, 116, 171, 381, 0]
Route 7: [0, 419, 302, 9, 89, 298, 189, 413, 463, 271, 318, 248, 0, 554, 410, 532, 209, 111, 406, 279, 368, 429, 99, 0]
Route 8: [0, 446, 551, 570, 102, 362, 280, 204, 361, 156, 402, 572, 45, 0, 142, 225, 0]
Route 9: [0, 550, 214, 390, 174, 344, 599, 96, 453, 346, 536, 527, 179, 0]
Route 10: [0, 296, 491, 252, 128, 263, 194, 238, 56, 176, 30, 257, 50, 424, 0, 207, 159, 513, 369, 277, 457, 0]
Route 11: [0, 586, 240, 409, 530, 83, 400, 60, 170, 49, 84, 242, 583, 17, 0, 232, 392, 93, 229, 544, 43, 208, 460, 73, 0]
Route 12: [0, 202, 166, 422, 450, 113, 411, 350, 484, 192, 387, 511, 155, 0, 481, 0]
Route 13: [0, 81, 14, 340, 331, 234, 186, 237, 165, 567, 294, 0, 533, 519, 315, 528, 312, 506, 261, 478, 0]
Route 14: [0, 262, 39, 74, 540, 470, 130, 218, 374, 592, 376, 125, 0]
Route 15: [0, 97, 145, 494, 503, 378, 0]
Route 16: [0, 440, 348, 23, 326, 479, 497, 274, 101, 486, 61, 19, 0]
Route 17: [0, 173, 452, 283, 597, 510, 560, 160, 69, 92, 501, 78, 563, 0]
Route 18: [0, 143, 36, 343, 562, 436, 21, 22, 428, 67, 339, 146, 0, 468, 500, 431, 7, 360, 223, 278, 509, 370, 0]
Route 19: [0, 134, 79, 47, 94, 310, 243, 58, 253, 72, 233, 308, 265, 517, 268, 0]
Route 20: [0, 441, 161, 589, 53, 137, 52, 364, 459, 164, 77, 559, 117, 595, 523, 342, 0]
Route 21: [0, 357, 365, 258, 86, 131, 447, 68, 227, 541, 51, 355, 377, 177, 395, 0]
Route 22: [0, 33, 221, 580, 492, 420, 163, 90, 325, 521, 333, 482, 121, 32, 0]
Route 23: [0, 426, 147, 42, 445, 483, 524, 575, 328, 122, 380, 317, 0]
Route 24: [0, 341, 260, 516, 306, 65, 210, 467, 582, 25, 10, 290, 0]
Route 25: [0, 46, 140, 455, 110, 24, 281, 403, 120, 247, 206, 201, 0, 408, 417, 531, 182, 314, 462, 386, 336, 0]
Route 26: [0, 394, 226, 393, 153, 323, 414, 396, 504, 556, 141, 576, 584, 0]
Route 27: [0, 267, 373, 321, 167, 71, 139, 593, 70, 435, 466, 59, 0]
Route 28: [0, 289, 577, 515, 13, 27, 54, 254, 334, 401, 327, 95, 0]
Route 29: [0, 293, 418, 535, 416, 112, 309, 490, 75, 454, 100, 244, 0, 412, 345, 119, 304, 115, 421, 305, 135, 573, 1, 585, 0]
Route 30: [0, 487, 434, 26, 178, 526, 211, 363, 438, 44, 127, 0, 133, 443, 287, 236, 105, 499, 251, 180, 507, 0]
Route 31: [0, 231, 568, 382, 66, 358, 188, 138, 104, 425, 0, 270, 591, 272, 359, 126, 15, 464, 190, 285, 169, 286, 0]
Route 32: [0, 367, 269, 288, 212, 313, 150, 118, 219, 432, 282, 590, 0]
Route 33: [0, 55, 474, 6, 480, 423, 543, 379, 564, 162, 63, 0, 31, 8, 469, 129, 475, 64, 195, 472, 0]
Route 34: [0, 547, 566, 488, 28, 375, 2, 275, 352, 512, 284, 0, 542, 29, 356, 581, 316, 57, 539, 0]
Route 35: [0, 311, 215, 399, 88, 538, 213, 571, 175, 4, 0]
Route 36: [0, 430, 187, 292, 502, 529, 114, 498, 38, 371, 82, 0]
Route 37: [0, 16, 307, 91, 461, 594, 144, 545, 372, 473, 548, 217, 0, 230, 0]
Route 38: [0, 555, 397, 552, 184, 330, 437, 80, 565, 12, 0]
Route 39: [0, 514, 191, 181, 489, 106, 154, 546, 172, 329, 41, 0]
