Route 1: [0, 440, 297, 149, 222, 224, 344, 174, 551, 221, 33, 294, 0, 78, 115, 304, 119, 248, 413, 271, 528, 305, 479, 563, 188, 104, 0, 79, 568, 173, 198, 354, 379, 564, 480, 6, 295, 600, 241, 0]
Route 2: [0, 550, 346, 163, 90, 491, 482, 121, 567, 457, 0, 384, 444, 424, 572, 82, 534, 473, 148, 367, 219, 150, 439, 0]
Route 3: [0, 395, 451, 256, 299, 76, 124, 558, 232, 296, 569, 0, 293, 535, 290, 112, 468, 492, 420, 20, 264, 525, 183, 108, 152, 45, 347, 0]
Route 4: [0, 570, 588, 447, 258, 541, 51, 494, 227, 68, 144, 193, 0, 3, 557, 353, 362, 171, 536, 125, 368, 592, 374, 429, 99, 0]
Route 5: [0, 508, 168, 548, 91, 461, 594, 357, 34, 361, 177, 0, 278, 166, 223, 445, 328, 360, 4, 302, 89, 283, 343, 36, 246, 0]
Route 6: [0, 325, 521, 333, 128, 263, 194, 238, 56, 517, 165, 0, 211, 273, 549, 98, 216, 505, 591, 573, 179, 539, 364, 247, 531, 24, 576, 249, 303, 0]
Route 7: [0, 47, 510, 497, 9, 80, 437, 298, 330, 597, 208, 412, 425, 0, 487, 32, 19, 268, 142, 430, 145, 477, 433, 391, 103, 0]
Route 8: [0, 16, 365, 503, 578, 338, 151, 355, 388, 279, 532, 410, 130, 111, 0, 1, 230, 341, 416, 585, 37, 214, 386, 235, 0]
Route 9: [0, 245, 529, 371, 498, 114, 292, 107, 38, 337, 392, 93, 225, 0, 381, 372, 322, 196, 448, 598, 205, 456, 485, 255, 0]
Route 10: [0, 390, 453, 599, 96, 385, 596, 220, 204, 156, 394, 95, 414, 342, 396, 49, 185, 332, 0]
Route 11: [0, 418, 178, 526, 26, 434, 446, 0, 134, 231, 443, 580, 158, 502, 85, 0, 176, 30, 25, 65, 369, 306, 422, 113, 317, 513, 350, 500, 0]
Route 12: [0, 423, 543, 162, 427, 553, 133, 94, 81, 75, 10, 0, 102, 86, 131, 335, 590, 280, 400, 60, 583, 240, 23, 62, 547, 0]
Route 13: [0, 488, 120, 109, 493, 471, 514, 175, 251, 0, 587, 110, 577, 71, 139, 401, 435, 356, 393, 226, 469, 0]
Route 14: [0, 52, 167, 154, 321, 373, 172, 329, 106, 64, 70, 417, 0, 239, 97, 465, 377, 378, 545, 307, 217, 199, 0]
Route 15: [0, 202, 309, 186, 331, 234, 100, 244, 155, 511, 426, 69, 58, 0, 57, 359, 286, 595, 285, 195, 523, 472, 334, 579, 0]
Route 16: [0, 484, 192, 387, 411, 450, 516, 554, 50, 501, 0, 228, 566, 275, 481, 351, 59, 409, 542, 0]
Route 17: [0, 39, 74, 540, 470, 218, 376, 40, 203, 415, 441, 161, 589, 53, 0]
Route 18: [0, 267, 132, 266, 403, 181, 137, 324, 201, 206, 352, 270, 0, 519, 180, 312, 506, 499, 105, 236, 478, 261, 460, 43, 0]
Route 19: [0, 474, 518, 476, 143, 21, 562, 146, 339, 496, 319, 190, 0, 509, 7, 524, 575, 160, 253, 0]
Route 20: [0, 348, 593, 327, 141, 31, 129, 182, 462, 584, 157, 259, 0]
Route 21: [0, 289, 515, 13, 27, 54, 254, 489, 546, 41, 126, 0, 428, 18, 561, 320, 213, 507, 88, 399, 215, 389, 533, 135, 0]
Route 22: [0, 44, 123, 520, 538, 458, 398, 459, 11, 197, 77, 559, 164, 0, 522, 276, 383, 326, 436, 73, 370, 138, 0]
Route 23: [0, 363, 66, 358, 419, 72, 406, 233, 252, 537, 366, 0, 449, 8, 495, 87, 0]
Route 24: [0, 46, 455, 404, 281, 407, 0, 408, 191, 311, 405, 35, 136, 336, 0]
Route 25: [0, 260, 582, 210, 467, 262, 308, 257, 265, 454, 229, 442, 48, 63, 0]
Route 26: [0, 490, 14, 42, 483, 122, 380, 147, 92, 243, 310, 421, 0, 574, 212, 288, 313, 300, 0]
Route 27: [0, 127, 55, 28, 375, 2, 512, 284, 0, 287, 340, 61, 159, 431, 209, 277, 207, 237, 0]
Route 28: [0, 552, 189, 12, 315, 581, 316, 15, 117, 464, 349, 0, 438, 0]
Route 29: [0, 382, 274, 565, 571, 272, 169, 475, 301, 140, 0]
Route 30: [0, 586, 530, 83, 170, 242, 527, 466, 291, 314, 250, 84, 0]
Route 31: [0, 187, 0]
Route 32: [0, 5, 555, 22, 101, 486, 345, 560, 0]
Route 33: [0, 452, 67, 463, 318, 397, 184, 544, 0]
Route 34: [0, 323, 153, 504, 556, 17, 29, 402, 200, 116, 0]
Route 35: [0, 269, 118, 432, 282, 0]
