Route 1: [0, 293, 418, 535, 416, 341, 112, 309, 244, 100, 58, 287, 0, 270, 481, 531, 417, 57, 15, 464, 539, 573, 135, 0, 136, 185, 303, 87, 0]
Route 2: [0, 103, 391, 297, 149, 222, 347, 224, 235, 390, 551, 0, 294, 10, 237, 69, 92, 500, 501, 265, 431, 207, 159, 278, 0, 225, 205, 255, 585, 0]
Route 3: [0, 487, 550, 346, 453, 96, 599, 344, 174, 37, 214, 596, 527, 0, 558, 158, 392, 424, 572, 82, 203, 388, 116, 34, 322, 477, 0]
Route 4: [0, 480, 6, 423, 543, 564, 379, 522, 354, 5, 553, 427, 0, 31, 8, 469, 129, 475, 435, 356, 182, 462, 0, 228, 386, 439, 351, 249, 495, 0]
Route 5: [0, 332, 267, 547, 28, 375, 488, 566, 62, 512, 275, 352, 206, 0, 177, 196, 3, 557, 353, 148, 588, 415, 449, 587, 286, 472, 579, 0]
Route 6: [0, 63, 276, 476, 518, 383, 143, 326, 436, 343, 133, 0, 359, 272, 581, 316, 195, 285, 169, 523, 342, 507, 0]
Route 7: [0, 199, 102, 16, 548, 545, 144, 494, 51, 227, 193, 0, 216, 98, 563, 421, 305, 528, 312, 506, 478, 0]
Route 8: [0, 505, 555, 22, 428, 67, 452, 283, 562, 21, 0, 433, 534, 465, 338, 151, 578, 335, 259, 0]
Route 9: [0, 331, 426, 147, 42, 122, 328, 72, 105, 499, 251, 319, 117, 595, 0]
Route 10: [0, 52, 137, 53, 589, 181, 191, 161, 247, 407, 201, 324, 0, 574, 300, 314, 250, 0]
Route 11: [0, 23, 120, 403, 404, 301, 110, 577, 71, 515, 13, 334, 0, 468, 32, 19, 209, 111, 406, 369, 513, 277, 0]
Route 12: [0, 560, 9, 302, 298, 89, 437, 413, 271, 552, 330, 339, 4, 0, 304, 119, 442, 405, 519, 180, 315, 261, 460, 0]
Route 13: [0, 134, 123, 213, 538, 458, 88, 399, 215, 77, 559, 398, 11, 561, 320, 190, 0, 395, 0]
Route 14: [0, 364, 373, 172, 546, 321, 154, 167, 106, 408, 496, 273, 0]
Route 15: [0, 211, 47, 253, 160, 575, 524, 483, 445, 380, 165, 0]
Route 16: [0, 348, 441, 514, 41, 329, 489, 139, 29, 584, 200, 402, 157, 0]
Route 17: [0, 168, 372, 473, 307, 91, 461, 217, 594, 131, 68, 447, 156, 0, 78, 115, 544, 517, 268, 368, 142, 429, 0]
Route 18: [0, 173, 318, 463, 189, 397, 184, 597, 497, 510, 0, 20, 444, 384, 532, 45, 381, 171, 279, 457, 99, 0]
Route 19: [0, 367, 269, 288, 212, 313, 150, 118, 219, 432, 282, 204, 0]
Route 20: [0, 570, 357, 365, 258, 86, 541, 503, 355, 378, 377, 40, 0, 229, 7, 360, 509, 43, 0]
Route 21: [0, 166, 422, 450, 113, 411, 387, 516, 306, 317, 511, 61, 0]
Route 22: [0, 455, 27, 254, 54, 401, 593, 327, 95, 466, 70, 64, 0]
Route 23: [0, 260, 192, 484, 350, 25, 582, 65, 210, 467, 233, 50, 264, 0]
Route 24: [0, 451, 456, 485, 299, 256, 362, 590, 280, 361, 0]
Route 25: [0, 491, 252, 263, 194, 56, 176, 30, 262, 257, 410, 308, 223, 0]
Route 26: [0, 127, 0, 363, 79, 419, 80, 274, 565, 101, 486, 236, 345, 370, 0]
Route 27: [0, 44, 526, 26, 434, 446, 178, 175, 12, 0, 179, 48, 533, 35, 241, 0]
Route 28: [0, 430, 152, 529, 502, 498, 38, 145, 85, 108, 125, 554, 366, 0]
Route 29: [0, 385, 569, 296, 97, 371, 187, 124, 337, 0]
Route 30: [0, 33, 492, 325, 39, 74, 540, 470, 130, 218, 374, 592, 376, 0, 291, 220, 239, 336, 0]
Route 31: [0, 289, 46, 132, 266, 109, 281, 24, 493, 471, 126, 0]
Route 32: [0, 440, 586, 409, 530, 400, 60, 242, 49, 84, 542, 17, 583, 576, 0, 537, 93, 290, 208, 73, 549, 0]
Route 33: [0, 240, 170, 226, 393, 153, 323, 414, 396, 504, 556, 141, 0]
Route 34: [0, 140, 394, 83, 0]
Route 35: [0, 221, 580, 420, 163, 90, 121, 482, 521, 333, 128, 238, 567, 0]
Route 36: [0, 76, 508, 448, 598, 536, 245, 114, 292, 525, 183, 107, 59, 0]
Route 37: [0, 438, 284, 295, 55, 474, 600, 162, 198, 443, 232, 0]
Route 38: [0, 202, 425, 66, 358, 104, 188, 138, 146, 248, 18, 571, 0, 1, 0]
Route 39: [0, 231, 490, 186, 234, 340, 454, 14, 75, 155, 0]
Route 40: [0, 2, 349, 311, 197, 164, 459, 389, 520, 591, 246, 230, 0]
Route 41: [0, 568, 382, 36, 479, 81, 243, 310, 94, 412, 0]
