Route 1: [0, 127, 211, 178, 535, 416, 341, 567, 194, 56, 238, 0, 232, 558, 158, 444, 392, 424, 572, 203, 151, 578, 335, 477, 205, 0]
Route 2: [0, 293, 309, 186, 244, 58, 243, 42, 72, 486, 101, 4, 0, 563, 421, 305, 208, 43, 509, 99, 585, 0]
Route 3: [0, 202, 47, 81, 147, 328, 575, 524, 483, 445, 69, 0, 588, 148, 353, 171, 34, 259, 439, 351, 249, 579, 472, 0]
Route 4: [0, 260, 484, 350, 411, 113, 422, 122, 380, 501, 554, 410, 532, 279, 368, 0]
Route 5: [0, 332, 566, 547, 488, 28, 375, 2, 275, 352, 512, 284, 62, 0, 236, 105, 499, 251, 315, 180, 519, 573, 135, 549, 73, 370, 0]
Route 6: [0, 112, 490, 75, 340, 234, 100, 331, 454, 14, 253, 426, 294, 0, 557, 220, 291, 574, 157, 239, 136, 336, 255, 0]
Route 7: [0, 438, 326, 21, 555, 22, 562, 36, 436, 198, 0, 129, 356, 435, 195, 169, 286, 35, 507, 0]
Route 8: [0, 452, 463, 413, 189, 330, 437, 80, 302, 497, 339, 18, 561, 270, 0, 290, 93, 82, 388, 116, 322, 381, 185, 303, 87, 0]
Route 9: [0, 231, 5, 476, 276, 522, 162, 600, 63, 0, 542, 31, 8, 469, 531, 417, 64, 117, 312, 261, 0]
Route 10: [0, 568, 382, 173, 66, 358, 104, 133, 188, 143, 354, 553, 0, 465, 534, 337, 264, 384, 537, 20, 366, 45, 0]
Route 11: [0, 526, 446, 418, 491, 430, 183, 525, 107, 377, 40, 433, 0, 32, 209, 111, 517, 429, 0]
Route 12: [0, 480, 423, 543, 518, 383, 428, 67, 343, 283, 298, 146, 412, 0, 468, 7, 360, 223, 278, 159, 513, 369, 277, 457, 0]
Route 13: [0, 560, 510, 597, 552, 397, 318, 271, 248, 246, 0, 481, 179, 539, 57, 595, 285, 250, 0]
Route 14: [0, 550, 214, 453, 96, 599, 344, 174, 37, 235, 0, 551, 165, 61, 92, 345, 119, 304, 78, 241, 1, 0]
Route 15: [0, 79, 425, 138, 479, 184, 89, 9, 94, 310, 287, 0, 115, 544, 229, 207, 268, 142, 225, 0]
Route 16: [0, 44, 363, 427, 564, 379, 474, 55, 295, 591, 0, 193, 196, 3, 300, 462, 314, 587, 415, 495, 230, 0]
Route 17: [0, 487, 221, 580, 492, 420, 163, 90, 252, 325, 121, 482, 30, 176, 0, 273, 216, 449, 228, 0]
Route 18: [0, 434, 26, 134, 419, 274, 565, 175, 320, 496, 442, 182, 342, 523, 0]
Route 19: [0, 222, 451, 299, 569, 385, 456, 485, 596, 390, 0, 443, 237, 10, 500, 265, 308, 19, 386, 0]
Route 20: [0, 348, 140, 455, 24, 71, 13, 27, 54, 334, 401, 139, 110, 0, 319, 405, 48, 98, 528, 506, 478, 460, 0]
Route 21: [0, 199, 297, 16, 144, 86, 131, 590, 280, 584, 59, 0]
Route 22: [0, 256, 296, 536, 152, 114, 292, 124, 108, 125, 50, 257, 0]
Route 23: [0, 46, 132, 266, 120, 191, 53, 137, 514, 441, 324, 201, 0, 272, 581, 316, 15, 464, 533, 0]
Route 24: [0, 160, 12, 0]
Route 25: [0, 33, 521, 333, 128, 263, 540, 470, 130, 218, 374, 592, 376, 0]
Route 26: [0, 267, 6, 311, 520, 389, 398, 459, 197, 215, 399, 571, 0]
Route 27: [0, 440, 149, 347, 76, 508, 598, 97, 145, 338, 402, 200, 0]
Route 28: [0, 349, 505, 123, 213, 538, 88, 458, 164, 77, 559, 11, 190, 0]
Route 29: [0, 589, 52, 364, 373, 321, 546, 172, 329, 41, 489, 70, 0]
Route 30: [0, 224, 448, 168, 372, 473, 307, 91, 461, 594, 156, 204, 0]
Route 31: [0, 409, 530, 83, 394, 400, 60, 242, 583, 17, 84, 29, 0]
Route 32: [0, 161, 181, 403, 109, 281, 404, 301, 493, 206, 407, 408, 0]
Route 33: [0, 166, 450, 306, 387, 192, 516, 317, 511, 155, 431, 0]
Route 34: [0, 289, 593, 327, 95, 153, 323, 414, 466, 475, 126, 359, 0]
Route 35: [0, 570, 362, 357, 258, 541, 494, 503, 355, 447, 361, 0]
Route 36: [0, 367, 269, 288, 212, 313, 432, 282, 219, 150, 118, 527, 0, 395, 0]
Route 37: [0, 103, 391, 102, 217, 548, 545, 365, 51, 68, 227, 378, 0]
Route 38: [0, 586, 240, 49, 170, 226, 396, 504, 393, 556, 141, 576, 0]
Route 39: [0, 346, 245, 529, 502, 187, 498, 38, 371, 85, 177, 0]
Route 40: [0, 39, 74, 262, 25, 582, 65, 210, 467, 233, 406, 0]
Route 41: [0, 23, 247, 471, 577, 254, 515, 106, 167, 154, 0]
