Route 1: [0, 75, 426, 42, 445, 306, 113, 317, 511, 61, 265, 111, 369, 277, 0]
Route 2: [0, 487, 418, 33, 491, 252, 482, 567, 165, 0, 481, 216, 48, 98, 533, 573, 135, 73, 370, 0]
Route 3: [0, 256, 448, 598, 145, 97, 108, 107, 85, 402, 200, 574, 239, 0, 386, 336, 136, 255, 585, 0]
Route 4: [0, 199, 357, 365, 258, 86, 131, 541, 51, 264, 444, 392, 395, 0]
Route 5: [0, 245, 529, 502, 498, 114, 525, 337, 534, 338, 151, 388, 477, 0]
Route 6: [0, 367, 269, 288, 280, 156, 177, 424, 572, 82, 335, 578, 322, 303, 0]
Route 7: [0, 570, 102, 362, 590, 227, 68, 378, 40, 203, 171, 0]
Route 8: [0, 47, 560, 274, 175, 571, 320, 496, 115, 7, 360, 0]
Route 9: [0, 166, 422, 450, 411, 516, 155, 69, 500, 78, 549, 241, 0]
Route 10: [0, 52, 106, 167, 154, 321, 546, 172, 329, 126, 359, 190, 0]
Route 11: [0, 79, 479, 510, 80, 89, 397, 486, 105, 251, 499, 342, 523, 472, 0]
Route 12: [0, 350, 484, 192, 387, 30, 176, 92, 345, 119, 304, 421, 305, 208, 0]
Route 13: [0, 226, 393, 153, 323, 396, 414, 95, 29, 356, 182, 185, 0]
Route 14: [0, 332, 505, 364, 373, 41, 559, 272, 581, 417, 531, 35, 0]
Route 15: [0, 508, 38, 371, 183, 125, 50, 501, 431, 159, 223, 278, 0]
Route 16: [0, 440, 593, 327, 401, 70, 466, 64, 15, 519, 180, 312, 261, 0]
Route 17: [0, 325, 39, 74, 540, 470, 130, 218, 374, 592, 558, 179, 539, 507, 0]
Route 18: [0, 565, 12, 0]
Route 19: [0, 577, 71, 515, 13, 27, 54, 254, 334, 139, 129, 475, 587, 0]
Route 20: [0, 455, 24, 110, 301, 404, 247, 407, 206, 201, 324, 0]
Route 21: [0, 503, 355, 377, 465, 158, 19, 268, 513, 99, 0]
Route 22: [0, 260, 25, 582, 65, 210, 467, 262, 233, 308, 406, 457, 0]
Route 23: [0, 168, 372, 473, 307, 91, 527, 193, 32, 209, 517, 368, 429, 0]
Route 24: [0, 103, 391, 297, 149, 222, 347, 224, 235, 390, 121, 237, 287, 0, 319, 405, 528, 506, 478, 460, 0]
Route 25: [0, 127, 363, 211, 526, 178, 26, 434, 446, 0, 551, 294, 232, 93, 366, 225, 0]
Route 26: [0, 44, 134, 568, 425, 358, 104, 419, 138, 188, 133, 198, 0, 31, 435, 195, 169, 285, 0]
Route 27: [0, 566, 488, 28, 375, 2, 275, 352, 512, 284, 62, 0, 8, 316, 57, 595, 0]
Route 28: [0, 580, 492, 420, 163, 90, 221, 238, 376, 257, 554, 0, 449, 415, 439, 495, 0]
Route 29: [0, 267, 55, 474, 423, 564, 379, 522, 553, 339, 146, 0, 220, 588, 0]
Route 30: [0, 37, 214, 346, 453, 96, 599, 344, 174, 485, 536, 381, 0]
Route 31: [0, 348, 23, 289, 49, 60, 170, 242, 84, 583, 17, 542, 0, 384, 20, 537, 45, 250, 249, 351, 0]
Route 32: [0, 112, 309, 490, 331, 234, 186, 100, 244, 443, 246, 563, 273, 0]
Route 33: [0, 63, 6, 480, 543, 518, 555, 562, 436, 21, 18, 561, 442, 0]
Route 34: [0, 586, 240, 409, 530, 400, 556, 504, 141, 576, 469, 0, 468, 290, 544, 229, 142, 279, 205, 0]
Route 35: [0, 231, 382, 66, 173, 276, 143, 94, 310, 0, 59, 462, 300, 314, 286, 579, 87, 0]
Route 36: [0, 550, 451, 299, 296, 569, 385, 456, 596, 270, 0]
Route 37: [0, 16, 545, 144, 461, 594, 494, 447, 361, 204, 0]
Route 38: [0, 438, 326, 383, 476, 427, 162, 600, 591, 408, 0, 228, 1, 230, 0]
Route 39: [0, 283, 184, 552, 189, 413, 463, 271, 330, 248, 412, 0]
Route 40: [0, 416, 341, 340, 454, 243, 58, 101, 207, 0]
Route 41: [0, 535, 521, 333, 128, 263, 194, 56, 4, 236, 315, 43, 509, 0]
Route 42: [0, 202, 81, 253, 160, 72, 380, 10, 410, 532, 116, 0]
Route 43: [0, 123, 520, 213, 538, 458, 88, 399, 215, 164, 77, 197, 11, 0]
Route 44: [0, 354, 36, 343, 452, 67, 428, 22, 398, 117, 464, 0]
Route 45: [0, 76, 217, 548, 433, 196, 3, 557, 353, 148, 0]
Route 46: [0, 293, 14, 147, 483, 524, 575, 328, 122, 0]
Route 47: [0, 547, 349, 295, 311, 459, 389, 0]
Route 48: [0, 441, 161, 120, 403, 181, 589, 137, 53, 514, 191, 489, 584, 259, 0]
Route 49: [0, 46, 140, 132, 266, 109, 471, 493, 281, 0]
Route 50: [0, 5, 497, 302, 9, 437, 318, 298, 597, 291, 157, 34, 0]
Route 51: [0, 83, 394, 212, 313, 150, 118, 219, 432, 282, 0]
Route 52: [0, 430, 152, 187, 292, 124, 0]
