Route 1: [0, 83, 394, 212, 313, 118, 432, 282, 576, 396, 435, 356, 415, 0, 259, 367, 219, 150, 60, 583, 348, 0]
Route 2: [0, 16, 365, 258, 594, 541, 51, 494, 68, 361, 0, 333, 128, 32, 207, 209, 369, 328, 445, 253, 81, 331, 47, 0]
Route 3: [0, 240, 530, 400, 49, 170, 84, 242, 204, 156, 465, 395, 0, 580, 20, 142, 125, 279, 392, 536, 205, 347, 0]
Route 4: [0, 440, 269, 280, 590, 227, 148, 31, 0, 179, 539, 206, 531, 281, 301, 110, 140, 0]
Route 5: [0, 550, 451, 299, 76, 371, 525, 264, 257, 501, 457, 290, 0, 171, 372, 322, 196, 598, 255, 0]
Route 6: [0, 256, 448, 168, 473, 307, 91, 548, 217, 193, 177, 40, 572, 424, 37, 0, 564, 273, 549, 428, 436, 0]
Route 7: [0, 214, 453, 96, 344, 599, 456, 485, 596, 527, 8, 59, 0, 343, 73, 283, 479, 370, 0]
Route 8: [0, 570, 102, 355, 145, 337, 444, 532, 308, 25, 111, 30, 368, 429, 0]
Route 9: [0, 577, 71, 515, 13, 27, 54, 254, 334, 29, 466, 342, 523, 0]
Route 10: [0, 326, 36, 452, 67, 22, 555, 562, 18, 496, 442, 0, 544, 7, 509, 99, 33, 585, 174, 390, 0]
Route 11: [0, 46, 455, 24, 404, 109, 493, 471, 70, 319, 98, 216, 0, 228, 185, 136, 103, 199, 0]
Route 12: [0, 488, 28, 364, 359, 373, 197, 459, 320, 405, 48, 6, 0, 586, 409, 249, 495, 0]
Route 13: [0, 123, 520, 538, 458, 88, 399, 215, 77, 164, 398, 389, 11, 0, 492, 19, 186, 229, 43, 78, 0]
Route 14: [0, 226, 393, 153, 323, 414, 504, 17, 542, 408, 0, 53, 57, 286, 475, 139, 401, 472, 64, 417, 441, 0]
Route 15: [0, 208, 4, 274, 80, 437, 89, 298, 330, 339, 146, 287, 0, 203, 82, 534, 377, 388, 535, 230, 293, 0]
Route 16: [0, 231, 510, 497, 302, 9, 58, 310, 94, 0, 588, 291, 300, 288, 574, 157, 439, 87, 0]
Route 17: [0, 127, 134, 454, 340, 234, 243, 101, 560, 115, 0, 431, 317, 113, 159, 223, 166, 278, 61, 513, 500, 468, 0]
Route 18: [0, 79, 568, 382, 66, 358, 104, 419, 138, 188, 133, 591, 35, 270, 0, 481, 190, 533, 464, 587, 579, 469, 449, 0]
Route 19: [0, 490, 422, 450, 122, 380, 160, 251, 499, 315, 180, 519, 135, 0]
Route 20: [0, 480, 354, 476, 518, 522, 276, 143, 21, 563, 246, 412, 0, 353, 34, 357, 86, 131, 151, 116, 144, 545, 461, 0]
Route 21: [0, 184, 552, 189, 463, 271, 318, 397, 0, 385, 569, 3, 220, 462, 314, 95, 250, 351, 0]
Route 22: [0, 161, 120, 132, 266, 407, 247, 191, 201, 324, 129, 182, 0, 1, 0]
Route 23: [0, 505, 349, 311, 41, 489, 272, 126, 316, 561, 105, 236, 261, 0]
Route 24: [0, 267, 289, 403, 181, 589, 137, 514, 559, 421, 305, 0, 63, 241, 173, 425, 0]
Route 25: [0, 547, 23, 375, 2, 275, 352, 512, 284, 62, 0, 294, 10, 238, 554, 410, 592, 430, 381, 336, 0]
Route 26: [0, 503, 0]
Route 27: [0, 391, 346, 296, 491, 252, 121, 567, 232, 93, 239, 303, 0]
Route 28: [0, 416, 325, 263, 194, 56, 482, 376, 233, 265, 406, 176, 277, 350, 0]
Route 29: [0, 521, 39, 74, 540, 470, 130, 218, 374, 378, 402, 338, 477, 0]
Route 30: [0, 245, 529, 502, 187, 124, 183, 108, 85, 45, 0]
Route 31: [0, 149, 297, 222, 224, 235, 551, 165, 268, 225, 0]
Route 32: [0, 202, 14, 426, 100, 244, 511, 69, 0, 304, 119, 413, 528, 312, 506, 175, 507, 213, 0]
Route 33: [0, 341, 260, 582, 65, 210, 467, 262, 517, 0, 147, 524, 360, 478, 460, 0]
Route 34: [0, 487, 418, 420, 163, 90, 221, 155, 237, 558, 158, 366, 0]
Route 35: [0, 438, 44, 363, 211, 526, 178, 26, 434, 446, 0, 198, 571, 581, 15, 546, 595, 169, 285, 0]
Route 36: [0, 593, 327, 556, 141, 584, 200, 335, 578, 447, 362, 0]
Route 37: [0, 508, 38, 498, 114, 292, 107, 152, 97, 433, 557, 386, 0]
Route 38: [0, 566, 55, 474, 423, 543, 379, 427, 162, 600, 0, 50, 384, 537, 597, 248, 0]
Route 39: [0, 309, 484, 192, 387, 411, 516, 306, 92, 75, 112, 0]
Route 40: [0, 332, 5, 383, 295, 553, 443, 0]
Route 41: [0, 565, 12, 486, 345, 0]
Route 42: [0, 52, 106, 167, 154, 321, 172, 329, 195, 117, 573, 0]
Route 43: [0, 42, 483, 575, 72, 0]
