Route 1: [0, 44, 363, 211, 526, 178, 96, 599, 344, 174, 390, 551, 0, 591, 11, 559, 272, 359, 126, 316, 182, 587, 415, 250, 185, 136, 0]
Route 2: [0, 332, 55, 474, 295, 349, 399, 215, 164, 77, 197, 459, 398, 0, 3, 557, 353, 574, 462, 300, 157, 34, 322, 205, 0]
Route 3: [0, 123, 520, 213, 538, 88, 458, 329, 41, 408, 0, 442, 405, 180, 315, 528, 549, 35, 439, 303, 0]
Route 4: [0, 425, 510, 497, 302, 9, 80, 437, 89, 298, 571, 320, 0, 544, 229, 7, 142, 279, 368, 429, 99, 0]
Route 5: [0, 566, 364, 137, 589, 181, 191, 514, 53, 389, 561, 496, 0, 290, 93, 366, 207, 278, 223, 509, 370, 230, 585, 0]
Route 6: [0, 47, 560, 274, 565, 12, 236, 105, 251, 499, 273, 0, 228, 0]
Route 7: [0, 547, 488, 28, 375, 2, 275, 352, 512, 62, 284, 17, 542, 0, 115, 304, 421, 312, 506, 478, 261, 0]
Route 8: [0, 365, 144, 503, 355, 31, 8, 531, 15, 117, 519, 135, 0, 336, 255, 0]
Route 9: [0, 348, 266, 577, 515, 13, 27, 54, 334, 401, 139, 469, 216, 98, 0]
Route 10: [0, 346, 491, 430, 187, 525, 124, 108, 183, 264, 534, 0]
Route 11: [0, 202, 75, 426, 166, 422, 450, 306, 113, 511, 500, 501, 225, 0]
Route 12: [0, 492, 521, 74, 540, 470, 130, 218, 374, 592, 376, 392, 424, 239, 0]
Route 13: [0, 256, 598, 372, 545, 258, 594, 548, 217, 193, 0, 481, 179, 190, 464, 57, 285, 523, 472, 579, 0]
Route 14: [0, 508, 76, 485, 456, 596, 527, 361, 433, 572, 381, 0]
Route 15: [0, 37, 453, 90, 263, 39, 30, 176, 61, 410, 554, 537, 268, 0]
Route 16: [0, 127, 147, 42, 445, 483, 524, 575, 328, 122, 380, 0, 220, 291, 169, 595, 286, 249, 351, 495, 0]
Route 17: [0, 505, 311, 373, 0]
Route 18: [0, 36, 343, 428, 67, 189, 413, 330, 597, 339, 146, 246, 0, 19, 32, 431, 369, 277, 0]
Route 19: [0, 568, 173, 358, 479, 184, 552, 397, 248, 18, 270, 0, 158, 444, 82, 171, 386, 1, 0]
Route 20: [0, 487, 440, 0, 434, 446, 26, 243, 58, 310, 94, 345, 460, 0]
Route 21: [0, 586, 240, 409, 400, 60, 49, 84, 170, 242, 583, 156, 148, 259, 0]
Route 22: [0, 260, 350, 484, 192, 387, 516, 411, 317, 155, 69, 92, 468, 0, 208, 43, 241, 0]
Route 23: [0, 267, 132, 109, 24, 110, 301, 404, 281, 206, 489, 507, 0]
Route 24: [0, 341, 25, 582, 65, 210, 467, 262, 233, 257, 384, 20, 0]
Route 25: [0, 199, 103, 391, 297, 149, 222, 347, 224, 235, 0, 165, 125, 465, 203, 335, 578, 116, 477, 0]
Route 26: [0, 33, 580, 420, 163, 333, 128, 194, 56, 567, 121, 482, 558, 232, 177, 342, 0]
Route 27: [0, 134, 382, 66, 104, 419, 138, 188, 133, 443, 0, 319, 563, 78, 159, 513, 0]
Route 28: [0, 309, 490, 340, 454, 331, 234, 186, 100, 244, 237, 294, 395, 0]
Route 29: [0, 79, 5, 354, 276, 476, 518, 522, 162, 600, 198, 412, 287, 0, 588, 449, 87, 0]
Route 30: [0, 416, 112, 14, 81, 253, 160, 72, 101, 486, 360, 0]
Route 31: [0, 226, 393, 153, 323, 414, 396, 504, 556, 141, 576, 59, 0]
Route 32: [0, 367, 269, 288, 280, 590, 204, 129, 475, 435, 356, 0]
Route 33: [0, 289, 455, 493, 471, 71, 70, 581, 64, 417, 539, 573, 0]
Route 34: [0, 293, 535, 418, 221, 325, 238, 252, 337, 40, 196, 314, 0]
Route 35: [0, 63, 6, 423, 543, 379, 564, 427, 553, 143, 4, 119, 0]
Route 36: [0, 448, 168, 16, 473, 307, 91, 461, 541, 51, 378, 338, 151, 388, 0]
Route 37: [0, 438, 480, 383, 326, 562, 22, 555, 21, 436, 0, 10, 265, 308, 209, 517, 457, 0]
Route 38: [0, 140, 593, 327, 254, 95, 29, 584, 0, 48, 533, 305, 73, 0]
Route 39: [0, 46, 441, 161, 120, 403, 247, 201, 324, 407, 466, 195, 0]
Route 40: [0, 214, 245, 38, 145, 97, 85, 107, 50, 532, 111, 406, 0]
Route 41: [0, 530, 83, 394, 212, 313, 150, 118, 219, 432, 282, 0]
Route 42: [0, 152, 529, 502, 371, 498, 114, 292, 377, 402, 200, 0]
Route 43: [0, 550, 451, 299, 385, 569, 296, 536, 45, 0]
Route 44: [0, 570, 102, 362, 357, 131, 86, 494, 227, 68, 447, 0]
Route 45: [0, 23, 52, 106, 167, 154, 321, 546, 172, 0]
Route 46: [0, 231, 452, 283, 318, 463, 271, 175, 0]
