Route 1: [0, 176, 205, 514, 151, 43, 462, 215, 549, 334, 494, 559, 503, 433, 406, 241, 0]
Route 2: [0, 556, 207, 502, 118, 26, 526, 0, 401, 110, 90, 173, 255, 597, 190, 299, 168, 519, 517, 572, 271, 348, 0]
Route 3: [0, 263, 563, 86, 45, 588, 252, 528, 428, 371, 0, 281, 346, 571, 279, 180, 211, 8, 442, 9, 0]
Route 4: [0, 104, 338, 445, 210, 584, 287, 385, 500, 490, 208, 0, 331, 102, 323, 44, 164, 135, 483, 163, 272, 0]
Route 5: [0, 75, 38, 423, 139, 586, 318, 527, 486, 0, 293, 82, 473, 305, 155, 488, 560, 292, 240, 350, 158, 412, 203, 0]
Route 6: [0, 4, 413, 2, 504, 127, 399, 327, 121, 244, 274, 0, 89, 510, 426, 337, 554, 536, 76, 476, 345, 114, 161, 0]
Route 7: [0, 264, 128, 184, 212, 303, 78, 435, 0, 187, 389, 324, 555, 14, 144, 592, 181, 434, 169, 237, 0]
Route 8: [0, 451, 546, 132, 599, 506, 422, 339, 77, 29, 552, 209, 160, 475, 590, 0, 140, 68, 467, 388, 56, 186, 185, 436, 288, 269, 0]
Route 9: [0, 481, 419, 416, 444, 69, 224, 544, 67, 149, 420, 512, 319, 254, 124, 587, 0]
Route 10: [0, 302, 73, 508, 37, 533, 228, 258, 21, 525, 296, 280, 276, 0, 122, 353, 7, 532, 507, 98, 397, 307, 70, 0]
Route 11: [0, 356, 336, 354, 230, 229, 64, 199, 179, 246, 250, 97, 253, 0, 182, 458, 61, 91, 48, 557, 575, 46, 194, 0]
Route 12: [0, 177, 376, 540, 58, 235, 0, 129, 285, 219, 441, 126, 265, 396, 372, 495, 0]
Route 13: [0, 411, 429, 245, 326, 418, 489, 42, 0, 243, 188, 200, 523, 193, 365, 93, 294, 268, 33, 54, 0]
Route 14: [0, 550, 278, 531, 596, 115, 466, 96, 143, 332, 448, 79, 474, 0, 36, 133, 257, 22, 0]
Route 15: [0, 256, 443, 347, 468, 447, 295, 35, 62, 501, 277, 0, 16, 417, 112, 166, 310, 0]
Route 16: [0, 167, 581, 150, 457, 282, 383, 368, 520, 25, 518, 157, 0, 153, 404, 47, 138, 459, 427, 370, 362, 309, 364, 0]
Route 17: [0, 233, 315, 162, 0, 408, 313, 178, 390, 545, 191, 342, 478, 116, 232, 352, 0]
Route 18: [0, 101, 392, 367, 589, 136, 330, 183, 290, 430, 499, 154, 593, 516, 0, 432, 50, 103, 522, 0]
Route 19: [0, 266, 239, 0, 343, 202, 231, 171, 402, 197, 380, 391, 543, 53, 578, 248, 0]
Route 20: [0, 377, 24, 386, 174, 20, 95, 213, 561, 548, 314, 23, 142, 344, 382, 113, 0]
Route 21: [0, 325, 298, 152, 403, 100, 94, 379, 218, 130, 580, 0, 569, 464, 306, 333, 498, 66, 521, 505, 0]
Route 22: [0, 378, 192, 88, 573, 321, 472, 373, 32, 87, 141, 49, 524, 0]
Route 23: [0, 13, 515, 551, 196, 449, 469, 159, 0, 482, 446, 484, 541, 262, 123, 456, 409, 493, 117, 311, 0]
Route 24: [0, 170, 595, 558, 547, 291, 242, 341, 111, 275, 496, 340, 0, 222, 369, 0]
Route 25: [0, 539, 487, 249, 509, 308, 108, 65, 387, 0, 316, 283, 214, 452, 17, 259, 415, 80, 470, 0]
Route 26: [0, 261, 234, 421, 564, 300, 431, 492, 52, 227, 485, 251, 0, 594, 225, 366, 11, 0]
Route 27: [0, 398, 424, 120, 28, 513, 51, 273, 147, 405, 349, 538, 0]
Route 28: [0, 71, 542, 146, 438, 491, 394, 471, 454, 511, 450, 0, 172, 463, 109, 106, 0]
Route 29: [0, 598, 535, 455, 410, 565, 585, 5, 576, 134, 119, 465, 3, 0]
Route 30: [0, 301, 221, 461, 81, 0]
Route 31: [0, 201, 260, 395, 534, 34, 55, 381, 583, 204, 0, 247, 15, 206, 567, 0]
Route 32: [0, 99, 195, 529, 329, 440, 317, 107, 335, 355, 304, 497, 0]
Route 33: [0, 322, 39, 384, 537, 393, 328, 425, 400, 19, 0, 175, 360, 74, 568, 198, 72, 40, 562, 83, 0]
Route 34: [0, 145, 226, 477, 217, 84, 582, 156, 18, 41, 63, 148, 125, 0]
Route 35: [0, 574, 480, 59, 320, 223, 375, 85, 297, 286, 553, 351, 407, 566, 137, 0]
Route 36: [0, 579, 570, 189, 289, 600, 453, 363, 361, 437, 577, 12, 92, 0]
Route 37: [0, 60, 267, 10, 238, 284, 374, 105, 270, 479, 6, 0, 359, 0]
Route 38: [0, 414, 27, 312, 216, 357, 358, 530, 165, 591, 0]
Route 39: [0, 439, 31, 57, 1, 30, 460, 131, 220, 236, 0]
