Route 1: [0, 302, 401, 504, 481, 540, 444, 179, 88, 499, 110, 253, 321, 290, 544, 571, 319, 254, 124, 0, 6, 247, 479, 172, 222, 0]
Route 2: [0, 570, 579, 439, 410, 600, 553, 27, 375, 41, 214, 270, 125, 251, 262, 283, 493, 234, 0, 185, 186, 130, 77, 315, 26, 0]
Route 3: [0, 356, 429, 367, 392, 512, 420, 330, 183, 394, 454, 46, 190, 281, 0, 417, 56, 112, 388, 106, 369, 404, 288, 31, 292, 267, 434, 0]
Route 4: [0, 264, 39, 539, 249, 509, 308, 111, 108, 209, 317, 390, 355, 0, 538, 463, 109, 181, 456, 123, 3, 240, 498, 0]
Route 5: [0, 212, 384, 537, 1, 383, 291, 300, 535, 227, 484, 541, 0, 423, 73, 113, 193, 265, 9, 366, 443, 419, 231, 171, 382, 0]
Route 6: [0, 176, 152, 325, 487, 298, 403, 94, 379, 466, 143, 96, 580, 29, 475, 590, 153, 0, 467, 68, 138, 412, 158, 568, 361, 363, 350, 345, 0]
Route 7: [0, 266, 514, 529, 531, 387, 293, 371, 82, 305, 155, 19, 560, 359, 0, 36, 133, 440, 335, 323, 195, 99, 147, 0]
Route 8: [0, 170, 282, 10, 160, 425, 328, 65, 205, 316, 0, 122, 349, 15, 98, 393, 483, 307, 552, 100, 184, 0]
Route 9: [0, 556, 502, 104, 118, 303, 78, 25, 520, 473, 460, 220, 131, 236, 0, 16, 271, 166, 522, 103, 2, 310, 505, 336, 0]
Route 10: [0, 451, 24, 340, 506, 174, 462, 215, 549, 280, 79, 433, 503, 141, 548, 49, 268, 495, 0, 239, 117, 0]
Route 11: [0, 38, 508, 347, 210, 62, 385, 235, 490, 273, 332, 448, 405, 277, 0, 594, 243, 311, 208, 54, 11, 64, 0]
Route 12: [0, 376, 416, 228, 258, 202, 246, 250, 90, 173, 472, 430, 474, 343, 0, 75, 50, 432, 225, 256, 37, 197, 219, 230, 0]
Route 13: [0, 546, 313, 132, 278, 596, 468, 314, 447, 275, 496, 406, 396, 0, 436, 269, 140, 194, 0]
Route 14: [0, 550, 260, 120, 28, 51, 524, 513, 561, 402, 81, 32, 344, 0, 324, 306, 555, 86, 528, 449, 0]
Route 15: [0, 445, 584, 494, 55, 301, 142, 525, 21, 296, 0, 523, 200, 154, 593, 516, 126, 442, 8, 438, 589, 557, 399, 0]
Route 16: [0, 207, 338, 162, 599, 151, 422, 339, 435, 0, 63, 148, 360, 426, 144, 333, 119, 92, 362, 161, 0]
Route 17: [0, 515, 551, 477, 196, 469, 252, 223, 216, 175, 0, 7, 532, 507, 497, 206, 567, 70, 400, 237, 0]
Route 18: [0, 377, 424, 559, 33, 534, 34, 201, 0, 276, 204, 501, 87, 93, 294, 372, 461, 248, 0]
Route 19: [0, 167, 581, 257, 586, 583, 318, 527, 408, 500, 221, 0, 331, 102, 353, 478, 116, 329, 232, 213, 352, 20, 0]
Route 20: [0, 157, 598, 455, 431, 368, 30, 52, 297, 12, 577, 47, 0, 80, 470, 272, 128, 0]
Route 21: [0, 595, 558, 374, 547, 107, 242, 341, 545, 191, 397, 135, 0]
Route 22: [0, 398, 386, 486, 43, 295, 381, 35, 23, 44, 241, 163, 0]
Route 23: [0, 4, 413, 177, 326, 58, 533, 573, 69, 97, 129, 0, 182, 198, 72, 40, 562, 83, 180, 542, 575, 0]
Route 24: [0, 395, 218, 178, 342, 164, 0]
Route 25: [0, 101, 480, 59, 337, 428, 492, 284, 476, 165, 576, 134, 465, 453, 137, 0]
Route 26: [0, 563, 226, 45, 217, 357, 358, 85, 485, 286, 351, 566, 0]
Route 27: [0, 192, 378, 121, 491, 471, 597, 450, 464, 458, 91, 427, 348, 0]
Route 28: [0, 261, 421, 289, 407, 312, 156, 530, 5, 585, 536, 309, 0]
Route 29: [0, 489, 418, 127, 327, 136, 565, 299, 168, 572, 114, 0]
Route 30: [0, 71, 354, 229, 139, 199, 287, 0, 105, 446, 488, 304, 452, 17, 259, 415, 57, 0]
Route 31: [0, 233, 150, 322, 414, 564, 409, 238, 518, 482, 0, 459, 346, 519, 517, 61, 48, 587, 569, 521, 574, 0]
Route 32: [0, 13, 263, 60, 526, 224, 67, 146, 149, 380, 0, 370, 578, 159, 89, 145, 0]
Route 33: [0, 189, 84, 582, 18, 389, 437, 14, 554, 588, 591, 76, 203, 364, 0]
Route 34: [0, 320, 511, 274, 187, 74, 510, 592, 66, 169, 0]
Route 35: [0, 411, 245, 0, 42, 244, 255, 285, 373, 391, 279, 211, 543, 53, 22, 0]
Route 36: [0, 457, 95, 115, 334, 188, 441, 365, 0]
