Route 1: [0, 201, 424, 395, 28, 513, 115, 213, 215, 490, 280, 583, 188, 523, 474, 0, 68, 459, 53, 557, 575, 46, 194, 0]
Route 2: [0, 24, 377, 445, 534, 34, 462, 296, 549, 273, 332, 448, 405, 0, 240, 498, 66, 181, 169, 288, 3, 0]
Route 3: [0, 398, 38, 75, 229, 139, 0, 486, 408, 500, 276, 219, 154, 365, 382, 40, 427, 578, 364, 0]
Route 4: [0, 239, 207, 338, 0, 318, 385, 202, 21, 561, 494, 62, 79, 433, 503, 141, 49, 33, 0]
Route 5: [0, 4, 481, 540, 533, 228, 258, 246, 253, 90, 510, 47, 0, 112, 388, 56, 222, 369, 269, 0]
Route 6: [0, 167, 150, 322, 414, 267, 78, 0, 157, 518, 293, 63, 148, 568, 426, 404, 493, 214, 92, 362, 505, 0]
Route 7: [0, 233, 550, 303, 100, 94, 379, 466, 218, 143, 96, 580, 0, 153, 353, 478, 116, 133, 307, 272, 237, 0]
Route 8: [0, 71, 0, 477, 196, 449, 469, 136, 491, 129, 255, 197, 373, 32, 0, 117, 185, 186, 0]
Route 9: [0, 104, 451, 546, 386, 506, 525, 55, 35, 548, 314, 23, 142, 344, 372, 9, 0]
Route 10: [0, 73, 508, 347, 37, 199, 287, 343, 231, 173, 472, 285, 193, 0, 113, 396, 311, 522, 348, 22, 0]
Route 11: [0, 574, 480, 59, 327, 274, 244, 361, 89, 0, 122, 417, 138, 412, 158, 203, 521, 161, 0]
Route 12: [0, 302, 356, 245, 230, 252, 582, 18, 156, 530, 165, 182, 16, 0, 172, 109, 370, 310, 309, 0]
Route 13: [0, 2, 376, 58, 69, 471, 394, 346, 519, 517, 543, 562, 0]
Route 14: [0, 205, 529, 368, 291, 30, 111, 390, 7, 349, 15, 98, 483, 0]
Route 15: [0, 263, 367, 589, 399, 438, 330, 183, 290, 321, 544, 281, 126, 593, 516, 114, 0]
Route 16: [0, 595, 455, 27, 453, 600, 431, 492, 446, 355, 496, 232, 0]
Route 17: [0, 354, 177, 419, 416, 88, 235, 334, 559, 87, 93, 265, 495, 0]
Route 18: [0, 31, 598, 535, 564, 42, 187, 389, 175, 74, 0, 247, 452, 17, 259, 567, 70, 0]
Route 19: [0, 502, 99, 278, 531, 596, 468, 51, 447, 295, 204, 501, 277, 0, 50, 432, 225, 436, 257, 0]
Route 20: [0, 556, 64, 179, 444, 110, 324, 511, 569, 572, 72, 8, 442, 366, 0]
Route 21: [0, 101, 411, 192, 378, 223, 358, 5, 585, 337, 144, 333, 350, 0]
Route 22: [0, 234, 170, 57, 1, 547, 363, 437, 577, 306, 61, 91, 587, 0]
Route 23: [0, 563, 86, 45, 588, 84, 375, 82, 473, 305, 155, 0, 294, 268, 54, 11, 0]
Route 24: [0, 429, 489, 573, 97, 461, 597, 430, 499, 441, 391, 211, 48, 0]
Route 25: [0, 118, 315, 132, 599, 151, 422, 20, 174, 95, 313, 0, 316, 147, 331, 102, 340, 524, 352, 0]
Route 26: [0, 176, 514, 329, 403, 440, 130, 160, 475, 590, 479, 6, 292, 123, 456, 0, 106, 0]
Route 27: [0, 39, 184, 325, 509, 19, 238, 482, 270, 12, 286, 409, 592, 0]
Route 28: [0, 145, 515, 551, 428, 284, 227, 374, 488, 560, 359, 0, 166, 103, 248, 0]
Route 29: [0, 539, 152, 298, 487, 328, 65, 400, 520, 0, 541, 304, 532, 507, 497, 206, 415, 80, 470, 0]
Route 30: [0, 127, 392, 542, 146, 565, 454, 190, 450, 279, 254, 83, 0]
Route 31: [0, 570, 579, 439, 410, 435, 25, 371, 360, 555, 554, 536, 591, 119, 566, 0]
Route 32: [0, 217, 189, 289, 312, 357, 105, 125, 251, 262, 283, 553, 137, 0]
Route 33: [0, 457, 282, 558, 383, 300, 460, 236, 351, 407, 465, 0]
Route 34: [0, 13, 60, 526, 26, 224, 67, 420, 14, 464, 458, 0]
Route 35: [0, 413, 504, 326, 320, 159, 121, 0, 221, 299, 168, 198, 467, 140, 271, 0]
Route 36: [0, 128, 195, 212, 339, 77, 29, 552, 209, 131, 191, 397, 0]
Route 37: [0, 581, 264, 586, 43, 527, 401, 250, 171, 402, 81, 594, 36, 0]
Route 38: [0, 162, 260, 120, 208, 243, 200, 538, 463, 434, 0]
Route 39: [0, 584, 210, 301, 381, 380, 571, 319, 512, 124, 0]
Route 40: [0, 384, 537, 393, 249, 308, 108, 317, 107, 242, 220, 484, 485, 0, 345, 0]
Route 41: [0, 336, 423, 256, 443, 0, 387, 178, 335, 275, 323, 406, 44, 241, 163, 0]
Route 42: [0, 266, 261, 421, 10, 425, 341, 545, 342, 164, 135, 0]
Route 43: [0, 418, 149, 180, 0]
Route 44: [0, 226, 528, 216, 41, 52, 85, 297, 576, 134, 76, 476, 0]
