Route 1: [0, 261, 371, 558, 227, 431, 535, 595, 383, 170, 238, 518, 0, 430, 593, 391, 180, 542, 420, 254, 124, 571, 438, 512, 589, 557, 330, 356, 0]
Route 2: [0, 508, 347, 444, 419, 416, 231, 228, 171, 402, 202, 62, 549, 386, 79, 433, 0, 109, 269, 369, 362, 187, 333, 223, 74, 0]
Route 3: [0, 322, 325, 440, 552, 164, 487, 342, 275, 393, 307, 482, 0, 590, 560, 283, 52, 410, 357, 297, 465, 407, 119, 189, 5, 576, 585, 134, 0]
Route 4: [0, 120, 513, 503, 142, 344, 334, 548, 23, 295, 314, 33, 93, 0, 423, 366, 37, 2, 461, 336, 0]
Route 5: [0, 24, 445, 468, 534, 34, 559, 268, 424, 201, 26, 0, 14, 144, 555, 588, 76, 158, 252, 306, 86, 389, 0, 172, 106, 0]
Route 6: [0, 104, 486, 546, 599, 340, 531, 406, 329, 323, 466, 218, 96, 143, 133, 379, 526, 0, 66, 63, 351, 553, 566, 27, 453, 214, 251, 493, 3, 31, 169, 293, 0]
Route 7: [0, 550, 39, 537, 249, 108, 209, 341, 545, 191, 111, 308, 532, 384, 163, 0, 234, 463, 237, 0]
Route 8: [0, 150, 539, 100, 205, 195, 95, 94, 77, 176, 239, 0, 360, 363, 426, 337, 536, 591, 92, 216, 240, 375, 288, 175, 222, 0]
Route 9: [0, 4, 22, 126, 376, 287, 179, 296, 583, 188, 343, 474, 523, 193, 200, 73, 0, 324, 203, 59, 569, 521, 574, 159, 378, 511, 198, 0]
Route 10: [0, 13, 551, 477, 421, 247, 368, 473, 520, 446, 374, 137, 125, 359, 0, 417, 449, 412, 568, 361, 196, 345, 592, 577, 570, 0]
Route 11: [0, 451, 132, 422, 303, 78, 462, 215, 260, 273, 332, 448, 102, 0, 265, 64, 9, 382, 199, 11, 81, 495, 586, 556, 0]
Route 12: [0, 581, 19, 1, 547, 300, 460, 30, 236, 242, 507, 478, 116, 117, 0, 257, 128, 212, 178, 353, 130, 0]
Route 13: [0, 504, 418, 146, 544, 110, 253, 489, 472, 58, 32, 443, 50, 0, 138, 309, 89, 145, 47, 0]
Route 14: [0, 263, 101, 60, 409, 564, 0, 235, 129, 481, 250, 381, 141, 49, 447, 232, 352, 20, 502, 0]
Route 15: [0, 207, 229, 139, 230, 401, 522, 42, 56, 0, 404, 148, 498, 510, 182, 572, 127, 562, 103, 248, 0]
Route 16: [0, 377, 280, 318, 243, 311, 405, 500, 225, 75, 221, 0, 122, 475, 349, 497, 206, 567, 291, 105, 270, 456, 123, 0]
Route 17: [0, 264, 152, 241, 403, 65, 328, 425, 160, 355, 167, 0, 516, 499, 365, 88, 256, 113, 372, 174, 151, 339, 580, 29, 0]
Route 18: [0, 514, 529, 213, 596, 115, 335, 298, 317, 390, 135, 496, 99, 0, 185, 186, 118, 315, 147, 313, 316, 408, 0]
Route 19: [0, 579, 45, 554, 18, 156, 350, 476, 217, 530, 12, 286, 0, 114, 370, 505, 161, 310, 68, 429, 140, 194, 0]
Route 20: [0, 162, 506, 278, 28, 51, 524, 35, 331, 0, 594, 396, 55, 301, 561, 208, 0]
Route 21: [0, 598, 289, 582, 565, 437, 165, 464, 61, 53, 46, 0, 266, 0]
Route 22: [0, 584, 494, 54, 210, 385, 525, 21, 527, 276, 153, 0, 57, 15, 17, 82, 181, 157, 292, 267, 6, 0]
Route 23: [0, 38, 177, 219, 197, 173, 90, 97, 121, 578, 244, 0, 338, 204, 501, 490, 87, 294, 36, 436, 0]
Route 24: [0, 71, 255, 442, 224, 183, 290, 441, 72, 271, 166, 0]
Route 25: [0, 411, 192, 327, 491, 394, 399, 281, 519, 517, 543, 40, 0]
Route 26: [0, 480, 136, 471, 454, 168, 319, 575, 346, 0]
Route 27: [0, 367, 392, 320, 190, 459, 597, 0, 155, 184, 44, 483, 470, 434, 479, 0]
Route 28: [0, 563, 515, 439, 600, 41, 85, 458, 91, 48, 587, 299, 413, 348, 0]
Route 29: [0, 302, 245, 274, 427, 321, 373, 279, 211, 8, 83, 0, 16, 0]
Route 30: [0, 455, 284, 312, 358, 485, 452, 259, 415, 80, 305, 0]
Route 31: [0, 233, 414, 469, 84, 428, 492, 484, 7, 538, 0]
Route 32: [0, 398, 285, 533, 573, 69, 380, 154, 43, 277, 112, 388, 364, 0]
Route 33: [0, 354, 540, 326, 258, 246, 67, 149, 0]
Route 34: [0, 282, 10, 387, 541, 488, 262, 400, 98, 272, 0]
Route 35: [0, 226, 528, 450, 467, 432, 0]
Route 36: [0, 457, 435, 25, 70, 220, 131, 304, 107, 397, 509, 0]
Route 37: [0, 395, 0]
