Route 1: [0, 263, 101, 161, 521, 569, 480, 136, 491, 367, 519, 399, 330, 0, 429, 168, 589, 512, 542, 149, 279, 8, 253, 0, 261, 234, 153, 172, 0]
Route 2: [0, 264, 325, 487, 164, 440, 152, 241, 552, 403, 307, 7, 303, 0, 476, 134, 530, 585, 576, 5, 189, 119, 297, 357, 566, 553, 27, 251, 293, 0]
Route 3: [0, 71, 50, 499, 37, 154, 219, 573, 533, 173, 540, 481, 22, 0, 276, 338, 0, 122, 128, 580, 529, 496, 531, 406, 524, 51, 28, 352, 201, 0]
Route 4: [0, 282, 98, 108, 308, 111, 107, 397, 545, 341, 191, 390, 507, 425, 355, 0, 112, 198, 450, 378, 324, 158, 333, 84, 350, 196, 363, 0]
Route 5: [0, 150, 39, 393, 249, 483, 384, 65, 328, 160, 212, 29, 0, 430, 442, 224, 391, 211, 321, 543, 489, 562, 255, 250, 443, 444, 402, 230, 0, 239, 0]
Route 6: [0, 13, 186, 257, 176, 96, 133, 466, 379, 339, 514, 95, 102, 0, 109, 148, 66, 63, 498, 577, 92, 12, 375, 463, 0, 364, 388, 103, 593, 516, 88, 256, 73, 432, 38, 0]
Route 7: [0, 354, 177, 326, 127, 346, 327, 59, 565, 574, 0, 417, 182, 61, 91, 587, 299, 46, 427, 578, 244, 505, 370, 0]
Route 8: [0, 550, 132, 599, 99, 195, 323, 143, 205, 94, 335, 209, 184, 475, 117, 0, 371, 169, 240, 216, 592, 428, 389, 74, 223, 449, 309, 56, 0, 266, 0]
Route 9: [0, 4, 281, 183, 392, 320, 190, 121, 522, 413, 348, 0, 435, 57, 541, 305, 488, 473, 82, 262, 6, 436, 0, 527, 243, 311, 24, 93, 445, 208, 318, 586, 0]
Route 10: [0, 579, 570, 439, 493, 137, 452, 170, 105, 291, 567, 368, 518, 0, 204, 385, 33, 49, 295, 447, 548, 141, 561, 372, 382, 64, 508, 0]
Route 11: [0, 504, 285, 197, 58, 380, 575, 290, 597, 459, 356, 0, 474, 343, 265, 113, 423, 248, 401, 140, 310, 114, 47, 175, 404, 106, 222, 0]
Route 12: [0, 233, 0, 359, 60, 283, 564, 270, 300, 227, 383, 374, 520, 292, 267, 247, 479, 237, 0, 360, 477, 568, 18, 337, 252, 306, 86, 412, 187, 362, 42, 0]
Route 13: [0, 302, 434, 414, 123, 409, 431, 535, 595, 485, 492, 453, 157, 0, 590, 272, 349, 15, 17, 456, 181, 284, 85, 286, 0]
Route 14: [0, 457, 304, 1, 547, 135, 317, 509, 460, 155, 0, 467, 557, 53, 571, 67, 69, 83, 90, 0]
Route 15: [0, 451, 416, 171, 179, 97, 418, 438, 394, 454, 441, 572, 271, 0, 502, 546, 174, 20, 151, 422, 313, 147, 315, 26, 526, 0]
Route 16: [0, 377, 139, 583, 32, 142, 525, 21, 62, 549, 501, 277, 500, 118, 0, 245, 110, 40, 129, 126, 2, 461, 221, 336, 0]
Route 17: [0, 162, 340, 278, 115, 513, 120, 433, 273, 332, 448, 43, 0, 538, 218, 44, 298, 100, 539, 178, 130, 0]
Route 18: [0, 584, 534, 314, 462, 215, 35, 23, 55, 87, 54, 396, 280, 104, 0, 138, 89, 510, 145, 369, 0]
Route 19: [0, 563, 515, 551, 345, 361, 528, 469, 235, 75, 0, 274, 203, 144, 464, 14, 458, 254, 420, 180, 0, 16, 0]
Route 20: [0, 322, 537, 275, 342, 329, 232, 596, 213, 296, 188, 229, 0, 594, 405, 490, 79, 386, 424, 559, 268, 260, 506, 316, 0]
Route 21: [0, 398, 347, 202, 231, 228, 334, 11, 81, 523, 0, 486, 294, 503, 468, 381, 301, 494, 210, 0]
Route 22: [0, 226, 45, 582, 217, 312, 437, 517, 471, 319, 124, 146, 544, 68, 0]
Route 23: [0, 455, 52, 410, 600, 465, 358, 407, 289, 351, 41, 214, 125, 0, 408, 36, 331, 163, 387, 353, 78, 185, 0]
Route 24: [0, 411, 159, 511, 192, 48, 555, 588, 591, 288, 0, 31, 3, 259, 206, 242, 131, 220, 70, 236, 30, 0]
Route 25: [0, 581, 560, 482, 446, 400, 497, 532, 10, 167, 0, 166, 194, 0]
Route 26: [0, 598, 558, 238, 25, 484, 470, 77, 478, 116, 415, 80, 19, 0, 556, 0]
Route 27: [0, 395, 34, 419, 246, 472, 373, 376, 72, 9, 366, 365, 0]
Route 28: [0, 207, 495, 287, 344, 258, 199, 200, 193, 225, 0, 426, 156, 554, 536, 165, 76, 421, 269, 0]
