Route 1: [0, 581, 384, 537, 509, 108, 520, 482, 473, 305, 488, 262, 456, 15, 434, 0]
Route 2: [0, 282, 558, 547, 400, 441, 562, 442, 248, 0]
Route 3: [0, 356, 429, 192, 399, 573, 69, 321, 544, 14, 144, 306, 109, 436, 237, 0]
Route 4: [0, 481, 418, 533, 97, 173, 90, 472, 281, 346, 72, 459, 0]
Route 5: [0, 563, 145, 223, 375, 374, 484, 286, 592, 476, 345, 309, 0]
Route 6: [0, 4, 2, 540, 146, 438, 491, 471, 394, 454, 53, 0]
Route 7: [0, 504, 127, 392, 542, 224, 67, 420, 182, 198, 16, 0, 166, 103, 575, 46, 194, 0]
Route 8: [0, 354, 177, 376, 58, 565, 324, 555, 337, 333, 350, 158, 362, 0]
Route 9: [0, 128, 152, 298, 531, 213, 561, 548, 23, 87, 141, 49, 33, 0]
Route 10: [0, 104, 586, 318, 343, 296, 188, 219, 154, 365, 382, 265, 495, 54, 0]
Route 11: [0, 377, 445, 385, 462, 208, 583, 474, 140, 310, 522, 0]
Route 12: [0, 395, 28, 513, 447, 295, 381, 523, 193, 516, 40, 427, 578, 0]
Route 13: [0, 502, 201, 260, 596, 115, 332, 559, 433, 268, 352, 0]
Route 14: [0, 24, 424, 301, 34, 468, 215, 276, 153, 493, 214, 0]
Route 15: [0, 514, 195, 339, 100, 130, 220, 131, 247, 359, 117, 0]
Route 16: [0, 322, 325, 487, 317, 107, 242, 111, 236, 304, 507, 497, 98, 470, 0]
Route 17: [0, 184, 539, 308, 431, 492, 105, 541, 292, 283, 240, 181, 0]
Route 18: [0, 584, 210, 444, 250, 149, 380, 571, 319, 512, 557, 0]
Route 19: [0, 508, 347, 443, 179, 82, 270, 125, 409, 259, 567, 70, 0]
Route 20: [0, 480, 59, 469, 84, 428, 41, 52, 12, 576, 134, 76, 203, 0]
Route 21: [0, 329, 43, 525, 21, 280, 243, 147, 331, 102, 478, 116, 185, 0]
Route 22: [0, 226, 588, 18, 156, 530, 5, 585, 554, 412, 370, 0]
Route 23: [0, 455, 595, 383, 300, 446, 155, 355, 353, 44, 133, 0]
Route 24: [0, 315, 132, 599, 435, 238, 227, 485, 351, 465, 137, 169, 3, 0]
Route 25: [0, 393, 249, 65, 552, 209, 335, 323, 406, 294, 372, 0]
Route 26: [0, 579, 439, 410, 27, 600, 357, 358, 165, 536, 591, 114, 0]
Route 27: [0, 150, 39, 1, 25, 157, 293, 63, 464, 458, 61, 48, 587, 0]
Route 28: [0, 598, 535, 368, 291, 341, 545, 342, 164, 241, 135, 483, 0]
Route 29: [0, 570, 189, 289, 312, 216, 475, 590, 6, 404, 138, 222, 0]
Route 30: [0, 31, 564, 453, 284, 122, 113, 50, 225, 0]
Route 31: [0, 451, 546, 151, 422, 20, 94, 218, 96, 79, 344, 142, 11, 0]
Route 32: [0, 86, 45, 252, 0, 461, 597, 299, 168, 519, 517, 543, 9, 366, 22, 0]
Route 33: [0, 71, 551, 477, 449, 121, 110, 204, 501, 93, 432, 0]
Route 34: [0, 120, 534, 55, 334, 494, 200, 391, 254, 124, 505, 161, 348, 0]
Route 35: [0, 338, 386, 506, 174, 51, 35, 314, 496, 340, 36, 186, 0]
Route 36: [0, 176, 205, 212, 440, 466, 143, 178, 160, 7, 349, 272, 0]
Route 37: [0, 13, 217, 371, 479, 560, 538, 463, 288, 269, 0]
Route 38: [0, 264, 529, 403, 387, 402, 373, 279, 211, 180, 8, 83, 0]
Route 39: [0, 261, 234, 421, 78, 77, 29, 379, 490, 273, 448, 0]
Route 40: [0, 457, 486, 408, 580, 316, 405, 277, 594, 396, 311, 0]
Route 41: [0, 162, 99, 278, 527, 401, 129, 255, 285, 197, 0]
Route 42: [0, 550, 303, 95, 313, 549, 62, 503, 524, 232, 257, 0]
Route 43: [0, 367, 589, 489, 246, 231, 171, 81, 397, 307, 0]
Route 44: [0, 574, 378, 327, 136, 330, 183, 190, 569, 572, 91, 521, 0]
Route 45: [0, 423, 229, 139, 287, 199, 64, 202, 499, 593, 0]
Route 46: [0, 411, 326, 253, 290, 511, 407, 119, 92, 566, 0]
Route 47: [0, 556, 118, 26, 500, 221, 430, 126, 467, 68, 271, 388, 56, 364, 0]
Route 48: [0, 413, 245, 320, 361, 297, 251, 553, 498, 66, 0]
Route 49: [0, 398, 75, 159, 274, 187, 363, 437, 426, 0, 172, 106, 0]
Route 50: [0, 336, 230, 528, 582, 85, 577, 123, 452, 17, 415, 80, 0]
Route 51: [0, 302, 60, 267, 328, 425, 30, 390, 275, 191, 532, 163, 0]
Route 52: [0, 207, 526, 42, 389, 450, 47, 417, 112, 0]
Route 53: [0, 239, 0]
Route 54: [0, 263, 101, 37, 258, 32, 0]
Route 55: [0, 266, 515, 196, 244, 175, 89, 74, 568, 510, 0]
Route 56: [0, 38, 73, 88, 235, 148, 360, 369, 0]
Route 57: [0, 167, 170, 57, 460, 206, 0]
Route 58: [0, 233, 414, 10, 19, 518, 0]
Route 59: [0, 256, 419, 416, 228, 0]
