Route 1: [0, 266, 302, 71, 4, 356, 336, 354, 230, 139, 423, 88, 64, 343, 401, 235, 0, 122, 590, 560, 292, 247, 538, 186, 117, 185, 434, 237, 436, 0]
Route 2: [0, 398, 75, 229, 73, 508, 318, 586, 527, 43, 486, 500, 313, 408, 0, 89, 510, 74, 426, 47, 138, 140, 388, 112, 0, 369, 309, 114, 194, 0]
Route 3: [0, 263, 101, 563, 411, 429, 127, 399, 320, 121, 85, 52, 485, 0, 16, 417, 166, 271, 427, 578, 505, 370, 161, 362, 0]
Route 4: [0, 377, 445, 24, 546, 174, 162, 506, 95, 20, 462, 490, 549, 583, 188, 0, 198, 182, 572, 72, 459, 103, 248, 310, 522, 348, 0]
Route 5: [0, 413, 2, 481, 376, 177, 37, 179, 202, 228, 231, 21, 171, 402, 0, 153, 479, 432, 50, 113, 366, 9, 11, 54, 22, 0]
Route 6: [0, 514, 132, 151, 422, 339, 298, 440, 100, 130, 0, 221, 430, 499, 197, 516, 593, 126, 543, 562, 442, 40, 0]
Route 7: [0, 550, 167, 414, 267, 170, 457, 57, 520, 25, 518, 293, 371, 0, 276, 204, 448, 501, 323, 135, 483, 307, 163, 272, 0]
Route 8: [0, 256, 443, 419, 416, 199, 287, 525, 296, 208, 280, 0, 331, 340, 406, 496, 44, 164, 241, 133, 232, 352, 0]
Route 9: [0, 239, 233, 581, 118, 526, 0, 78, 29, 77, 96, 143, 209, 160, 355, 475, 342, 191, 397, 98, 70, 80, 0]
Route 10: [0, 556, 207, 104, 338, 315, 26, 303, 0, 491, 394, 471, 454, 190, 450, 511, 517, 346, 512, 319, 124, 46, 0]
Route 11: [0, 504, 418, 489, 392, 367, 438, 146, 224, 67, 544, 321, 290, 281, 0, 498, 592, 350, 345, 412, 203, 0]
Route 12: [0, 38, 540, 58, 533, 573, 246, 444, 250, 97, 253, 129, 0, 102, 478, 116, 36, 594, 311, 396, 257, 0]
Route 13: [0, 502, 451, 184, 403, 384, 108, 509, 317, 107, 111, 341, 545, 131, 304, 0, 265, 372, 495, 364, 0]
Route 14: [0, 128, 176, 212, 547, 1, 368, 291, 300, 227, 484, 374, 270, 251, 123, 0, 172, 106, 463, 181, 169, 3, 0]
Route 15: [0, 13, 261, 421, 31, 579, 570, 439, 564, 435, 0, 316, 405, 243, 277, 147, 93, 49, 141, 524, 0]
Route 16: [0, 60, 551, 477, 196, 86, 226, 449, 223, 469, 42, 0, 482, 305, 488, 262, 456, 125, 283, 493, 214, 452, 259, 17, 566, 0]
Route 17: [0, 245, 210, 584, 28, 51, 295, 55, 381, 548, 23, 503, 0, 53, 557, 575, 0]
Route 18: [0, 558, 595, 455, 535, 431, 492, 284, 148, 175, 0, 349, 532, 507, 497, 206, 567, 415, 470, 0]
Route 19: [0, 59, 45, 588, 582, 252, 528, 156, 18, 12, 465, 553, 137, 0]
Route 20: [0, 234, 598, 27, 410, 600, 453, 238, 105, 446, 473, 6, 0, 68, 467, 61, 48, 91, 587, 521, 0]
Route 21: [0, 264, 39, 10, 282, 383, 216, 577, 63, 360, 568, 576, 134, 591, 158, 0]
Route 22: [0, 201, 386, 424, 260, 513, 115, 596, 213, 215, 273, 332, 335, 0, 56, 222, 109, 66, 288, 269, 0]
Route 23: [0, 529, 329, 531, 278, 599, 195, 466, 379, 94, 178, 580, 0, 441, 219, 154, 294, 268, 33, 0]
Route 24: [0, 150, 19, 400, 157, 375, 363, 361, 337, 14, 569, 306, 76, 476, 0]
Route 25: [0, 480, 192, 110, 330, 183, 597, 255, 472, 571, 254, 211, 180, 8, 0]
Route 26: [0, 347, 385, 258, 334, 561, 559, 62, 523, 200, 32, 344, 142, 0]
Route 27: [0, 99, 120, 34, 534, 447, 468, 494, 285, 373, 391, 279, 0]
Route 28: [0, 542, 589, 565, 437, 324, 299, 458, 464, 536, 554, 0]
Route 29: [0, 326, 218, 552, 390, 275, 7, 353, 359, 0]
Route 30: [0, 574, 378, 159, 136, 327, 244, 187, 389, 0, 474, 193, 365, 382, 83, 0]
Route 31: [0, 322, 205, 152, 325, 487, 393, 308, 242, 30, 220, 236, 460, 155, 15, 0]
Route 32: [0, 515, 145, 90, 173, 69, 149, 420, 519, 168, 0]
Route 33: [0, 539, 537, 249, 65, 328, 425, 387, 0, 541, 82, 409, 240, 351, 407, 119, 92, 0]
Route 34: [0, 217, 189, 289, 312, 84, 428, 41, 357, 297, 286, 404, 0, 225, 0]
Route 35: [0, 301, 395, 35, 314, 433, 79, 87, 0]
Route 36: [0, 274, 461, 81, 380, 0]
Route 37: [0, 358, 5, 585, 530, 165, 555, 144, 333, 0]
