Route 1: [0, 272, 304, 30, 70, 220, 236, 567, 291, 383, 535, 431, 270, 283, 0, 121, 399, 517, 512, 319, 124, 254, 420, 146, 571, 544, 575, 597, 245, 0]
Route 2: [0, 101, 114, 203, 555, 554, 45, 165, 588, 582, 252, 158, 0, 138, 569, 14, 536, 591, 76, 530, 585, 576, 5, 553, 493, 3, 0]
Route 3: [0, 354, 248, 183, 392, 438, 542, 149, 69, 83, 523, 0, 429, 46, 53, 491, 557, 471, 367, 519, 346, 127, 401, 0]
Route 4: [0, 264, 147, 132, 278, 406, 496, 329, 335, 298, 152, 241, 164, 487, 342, 209, 0, 129, 211, 8, 224, 442, 489, 562, 40, 459, 578, 450, 0]
Route 5: [0, 502, 213, 115, 596, 268, 54, 525, 21, 549, 93, 311, 276, 0, 169, 137, 286, 453, 27, 85, 357, 297, 465, 289, 407, 358, 189, 351, 592, 0]
Route 6: [0, 398, 527, 395, 447, 295, 314, 51, 524, 28, 215, 0, 360, 477, 350, 84, 337, 306, 144, 464, 59, 480, 521, 362, 0, 417, 194, 0]
Route 7: [0, 550, 581, 150, 537, 249, 65, 507, 98, 308, 307, 384, 160, 39, 0, 116, 478, 232, 513, 120, 433, 273, 352, 20, 174, 500, 104, 0]
Route 8: [0, 556, 26, 102, 514, 339, 379, 466, 323, 133, 205, 94, 0, 318, 188, 382, 171, 246, 373, 419, 64, 508, 113, 432, 75, 0, 541, 488, 520, 292, 267, 247, 479, 234, 261, 0]
Route 9: [0, 263, 364, 411, 192, 190, 320, 48, 299, 327, 565, 156, 437, 0, 153, 371, 238, 17, 170, 105, 415, 57, 80, 19, 237, 0, 266, 239, 16, 0]
Route 10: [0, 563, 510, 226, 528, 568, 223, 74, 449, 469, 187, 56, 0, 586, 495, 583, 11, 372, 81, 343, 265, 193, 474, 336, 22, 0, 31, 240, 439, 63, 577, 498, 66, 570, 375, 106, 0]
Route 11: [0, 451, 162, 506, 599, 96, 218, 95, 313, 422, 151, 462, 79, 43, 0, 516, 430, 593, 126, 110, 572, 91, 378, 159, 505, 198, 310, 0, 166, 522, 103, 461, 221, 0]
Route 12: [0, 347, 402, 231, 416, 533, 573, 255, 290, 472, 321, 168, 427, 0, 356, 348, 413, 365, 366, 154, 37, 499, 423, 229, 50, 0]
Route 13: [0, 140, 68, 2, 444, 202, 344, 142, 334, 219, 540, 441, 481, 0, 280, 396, 445, 208, 24, 243, 303, 78, 167, 185, 0]
Route 14: [0, 302, 60, 436, 435, 403, 393, 135, 317, 390, 191, 107, 111, 497, 349, 0, 163, 387, 130, 212, 77, 580, 315, 408, 546, 338, 0]
Route 15: [0, 157, 598, 455, 485, 595, 300, 374, 368, 460, 484, 259, 473, 0, 112, 271, 388, 47, 145, 369, 186, 257, 118, 526, 117, 0]
Route 16: [0, 29, 100, 325, 440, 552, 275, 483, 108, 328, 355, 482, 434, 0, 122, 532, 44, 529, 531, 340, 99, 195, 143, 176, 128, 0]
Route 17: [0, 71, 38, 139, 287, 179, 88, 256, 73, 235, 0, 324, 86, 333, 426, 476, 217, 134, 18, 412, 359, 0]
Route 18: [0, 515, 389, 574, 394, 589, 454, 330, 281, 72, 467, 0, 161, 274, 309, 89, 175, 288, 404, 222, 0]
Route 19: [0, 13, 414, 1, 547, 131, 397, 545, 341, 155, 0, 405, 294, 201, 36, 316, 184, 7, 470, 0]
Route 20: [0, 233, 207, 0, 463, 564, 284, 600, 566, 410, 52, 492, 41, 251, 125, 293, 0, 538, 590, 10, 400, 82, 456, 123, 421, 269, 172, 0]
Route 21: [0, 109, 579, 345, 196, 363, 361, 551, 148, 0, 428, 92, 12, 214, 452, 15, 206, 242, 509, 425, 475, 0]
Route 22: [0, 457, 282, 558, 227, 262, 25, 518, 446, 305, 560, 0, 6, 409, 181, 119, 312, 216, 0]
Route 23: [0, 322, 353, 539, 178, 0, 490, 35, 23, 548, 381, 543, 443, 210, 385, 0]
Route 24: [0, 4, 504, 253, 418, 67, 180, 279, 391, 58, 376, 230, 0, 42, 182, 458, 61, 587, 136, 511, 244, 370, 0]
Route 25: [0, 177, 250, 97, 326, 380, 173, 90, 285, 197, 0, 204, 62, 561, 87, 55, 301, 141, 49, 33, 503, 424, 386, 0]
Route 26: [0, 377, 584, 494, 534, 34, 468, 559, 332, 260, 448, 277, 0, 486, 594, 296, 9, 228, 258, 32, 199, 200, 225, 0]
Route 27: [0, 501, 331, 0]
