Route 1: [0, 71, 193, 343, 583, 210, 54, 494, 385, 62, 462, 201, 243, 502, 0, 590, 560, 283, 473, 57, 15, 206, 400, 415, 80, 470, 328, 160, 128, 0]
Route 2: [0, 302, 245, 46, 399, 512, 438, 146, 420, 542, 391, 290, 127, 459, 0, 140, 467, 68, 522, 432, 103, 248, 401, 0]
Route 3: [0, 104, 132, 599, 278, 340, 531, 329, 335, 466, 218, 96, 77, 580, 0, 461, 499, 365, 443, 9, 231, 171, 64, 0]
Route 4: [0, 264, 539, 100, 403, 425, 65, 184, 143, 332, 546, 117, 0, 417, 112, 388, 114, 145, 288, 404, 157, 247, 434, 479, 0]
Route 5: [0, 4, 177, 376, 90, 58, 173, 197, 533, 573, 69, 472, 489, 2, 0, 257, 26, 594, 396, 311, 586, 0]
Route 6: [0, 338, 424, 386, 506, 174, 408, 490, 273, 448, 405, 102, 478, 0, 440, 552, 212, 0]
Route 7: [0, 398, 347, 416, 228, 258, 525, 21, 296, 188, 81, 0, 113, 265, 495, 256, 73, 230, 336, 348, 22, 194, 0]
Route 8: [0, 413, 481, 540, 326, 180, 110, 253, 129, 597, 450, 0, 294, 36, 163, 292, 6, 269, 172, 0]
Route 9: [0, 451, 151, 486, 235, 276, 430, 37, 154, 444, 219, 562, 83, 366, 0]
Route 10: [0, 584, 287, 199, 419, 202, 250, 321, 544, 281, 346, 519, 517, 254, 124, 0]
Route 11: [0, 120, 534, 34, 468, 295, 381, 79, 501, 277, 0, 16, 271, 166, 186, 323, 195, 99, 313, 147, 0]
Route 12: [0, 377, 445, 301, 513, 213, 549, 280, 204, 474, 593, 516, 40, 427, 0]
Route 13: [0, 508, 179, 382, 561, 334, 142, 523, 200, 87, 55, 548, 33, 0]
Route 14: [0, 162, 95, 379, 205, 209, 487, 390, 275, 496, 406, 116, 133, 29, 272, 0]
Route 15: [0, 263, 101, 60, 75, 88, 126, 224, 442, 402, 32, 344, 50, 225, 0]
Route 16: [0, 38, 423, 229, 139, 318, 43, 527, 500, 0, 315, 316, 20, 331, 538, 185, 237, 359, 0]
Route 17: [0, 13, 429, 192, 378, 327, 136, 565, 569, 464, 144, 138, 0, 310, 505, 511, 159, 89, 56, 0]
Route 18: [0, 457, 308, 108, 30, 460, 541, 488, 91, 48, 578, 161, 0]
Route 19: [0, 207, 118, 526, 303, 78, 0, 238, 520, 482, 446, 305, 125, 409, 262, 259, 123, 137, 214, 240, 222, 0]
Route 20: [0, 150, 39, 547, 291, 300, 227, 484, 349, 397, 507, 0]
Route 21: [0, 176, 152, 422, 387, 178, 475, 355, 342, 164, 483, 307, 0, 239, 0]
Route 22: [0, 514, 529, 339, 94, 130, 371, 105, 236, 304, 567, 0]
Route 23: [0, 563, 551, 45, 582, 337, 156, 588, 530, 5, 585, 576, 134, 476, 0]
Route 24: [0, 579, 439, 410, 428, 216, 375, 52, 85, 485, 431, 286, 493, 66, 169, 0]
Route 25: [0, 455, 595, 535, 600, 492, 284, 270, 12, 592, 465, 566, 553, 0]
Route 26: [0, 266, 421, 1, 368, 518, 82, 155, 7, 44, 298, 241, 0]
Route 27: [0, 550, 325, 107, 220, 131, 111, 191, 532, 497, 98, 70, 456, 0]
Route 28: [0, 581, 10, 435, 25, 293, 251, 452, 17, 317, 135, 393, 0]
Route 29: [0, 322, 384, 537, 249, 509, 242, 19, 234, 153, 0, 47, 86, 306, 555, 587, 521, 574, 0]
Route 30: [0, 356, 392, 491, 471, 589, 394, 190, 299, 168, 198, 0, 463, 181, 374, 3, 31, 0]
Route 31: [0, 504, 418, 320, 121, 244, 148, 360, 361, 528, 158, 449, 0]
Route 32: [0, 480, 59, 274, 187, 165, 536, 591, 76, 27, 453, 0]
Route 33: [0, 395, 314, 28, 51, 447, 23, 141, 49, 559, 232, 0]
Route 34: [0, 233, 414, 267, 564, 41, 63, 122, 0, 109, 568, 345, 577, 498, 0]
Route 35: [0, 570, 189, 217, 84, 18, 389, 510, 182, 572, 53, 557, 0]
Route 36: [0, 282, 383, 357, 437, 350, 14, 458, 61, 369, 436, 0]
Route 37: [0, 167, 170, 558, 341, 545, 353, 106, 362, 309, 0]
Route 38: [0, 261, 515, 477, 469, 42, 0, 175, 74, 426, 554, 333, 324, 370, 364, 0]
Route 39: [0, 226, 363, 196, 252, 223, 221, 72, 412, 203, 0]
Route 40: [0, 24, 260, 596, 115, 215, 35, 524, 433, 503, 268, 352, 0]
Route 41: [0, 367, 67, 454, 441, 279, 211, 8, 575, 0]
Route 42: [0, 411, 330, 183, 149, 380, 571, 319, 543, 0]
Route 43: [0, 598, 289, 407, 312, 358, 297, 351, 119, 92, 0]
Route 44: [0, 354, 246, 97, 255, 285, 373, 93, 372, 11, 208, 0]
Route 45: [0, 556, 0]
