Route 1: [0, 550, 581, 237, 414, 267, 123, 564, 251, 410, 357, 600, 566, 553, 41, 148, 0, 356, 401, 248, 594, 243, 208, 396, 583, 382, 402, 64, 200, 474, 0]
Route 2: [0, 322, 39, 384, 537, 249, 135, 317, 509, 108, 307, 160, 266, 0, 360, 426, 554, 536, 588, 591, 76, 114, 362, 309, 140, 348, 0]
Route 3: [0, 264, 580, 77, 212, 184, 100, 205, 96, 339, 95, 526, 0, 482, 446, 236, 30, 304, 507, 532, 497, 206, 415, 80, 359, 0, 239, 16, 0]
Route 4: [0, 514, 599, 466, 218, 241, 209, 341, 545, 107, 111, 191, 308, 400, 15, 434, 0, 408, 316, 422, 313, 147, 315, 26, 0]
Route 5: [0, 38, 508, 347, 416, 287, 231, 419, 573, 69, 321, 472, 255, 0, 467, 427, 299, 48, 587, 569, 378, 159, 370, 161, 198, 364, 0]
Route 6: [0, 24, 377, 280, 318, 495, 171, 202, 246, 90, 253, 129, 481, 126, 0, 452, 17, 259, 567, 291, 595, 535, 431, 137, 270, 0]
Route 7: [0, 104, 43, 162, 174, 490, 385, 62, 33, 55, 334, 188, 343, 523, 225, 0, 417, 112, 109, 181, 6, 436, 272, 475, 128, 118, 117, 0]
Route 8: [0, 101, 411, 578, 511, 192, 324, 187, 84, 18, 156, 333, 223, 47, 0, 486, 277, 294, 36, 151, 20, 260, 352, 273, 559, 561, 54, 0]
Route 9: [0, 502, 451, 303, 387, 460, 220, 131, 242, 7, 349, 538, 0, 293, 169, 240, 439, 216, 577, 63, 66, 498, 592, 0]
Route 10: [0, 263, 56, 515, 551, 477, 389, 74, 469, 121, 110, 0, 429, 281, 127, 519, 572, 72, 154, 9, 444, 443, 230, 0]
Route 11: [0, 60, 463, 479, 10, 435, 292, 520, 473, 305, 57, 155, 19, 560, 0, 586, 265, 372, 81, 199, 366, 37, 499, 593, 516, 0]
Route 12: [0, 563, 226, 289, 312, 428, 407, 358, 5, 12, 214, 283, 371, 0, 145, 345, 196, 363, 361, 568, 89, 0]
Route 13: [0, 150, 29, 539, 164, 487, 342, 275, 393, 65, 470, 0, 338, 448, 506, 340, 496, 329, 478, 116, 133, 406, 232, 99, 379, 176, 0]
Route 14: [0, 207, 398, 229, 423, 73, 139, 75, 0, 565, 59, 46, 190, 450, 14, 464, 144, 337, 476, 92, 27, 493, 375, 0]
Route 15: [0, 71, 354, 522, 245, 413, 22, 0, 42, 217, 530, 165, 306, 203, 458, 91, 412, 158, 449, 505, 0]
Route 16: [0, 233, 132, 278, 213, 28, 513, 115, 215, 386, 549, 405, 590, 122, 0, 113, 432, 50, 103, 97, 250, 219, 88, 256, 193, 556, 0]
Route 17: [0, 195, 323, 529, 298, 552, 403, 94, 546, 500, 0, 442, 391, 542, 420, 254, 319, 512, 124, 589, 53, 557, 459, 336, 0]
Route 18: [0, 68, 330, 367, 392, 597, 2, 461, 235, 0, 221, 197, 373, 32, 141, 49, 295, 314, 268, 424, 0]
Route 19: [0, 13, 261, 167, 78, 0, 201, 51, 35, 447, 23, 548, 381, 301, 93, 0, 185, 163, 355, 425, 328, 178, 130, 257, 0]
Route 20: [0, 445, 210, 584, 494, 142, 228, 258, 525, 21, 296, 0, 204, 501, 365, 543, 562, 489, 58, 380, 575, 544, 0]
Route 21: [0, 177, 376, 326, 320, 327, 136, 244, 310, 0, 430, 441, 279, 180, 211, 8, 533, 344, 11, 0]
Route 22: [0, 579, 1, 547, 70, 368, 170, 492, 85, 52, 125, 262, 98, 483, 0]
Route 23: [0, 120, 524, 534, 34, 468, 503, 462, 311, 527, 276, 0, 153, 353, 44, 143, 186, 105, 82, 247, 234, 0]
Route 24: [0, 152, 325, 531, 596, 335, 440, 390, 331, 102, 397, 0]
Route 25: [0, 302, 4, 504, 540, 179, 285, 173, 224, 67, 290, 438, 571, 146, 0, 388, 369, 175, 404, 288, 31, 3, 421, 269, 0]
Route 26: [0, 457, 282, 558, 284, 453, 456, 25, 238, 518, 0, 541, 488, 351, 465, 297, 119, 189, 576, 585, 134, 570, 0]
Route 27: [0, 409, 598, 455, 383, 227, 300, 374, 484, 485, 286, 157, 0, 166, 574, 521, 555, 252, 86, 138, 0]
Route 28: [0, 480, 45, 582, 346, 149, 168, 399, 517, 61, 0, 172, 106, 222, 0]
Route 29: [0, 274, 528, 437, 350, 510, 182, 271, 194, 0]
Route 30: [0, 395, 332, 79, 433, 87, 0]
Route 31: [0, 40, 418, 491, 183, 471, 394, 454, 83, 0]
