Route 1: [0, 45, 178, 133, 48, 26, 40, 152, 14, 130, 28, 120, 146, 102, 0]
Route 2: [0, 34, 5, 180, 82, 125, 191, 84, 4, 72, 60, 118, 90, 0]
Route 3: [0, 91, 164, 66, 160, 43, 0, 86, 115, 94, 174, 197, 200, 0]
Route 4: [0, 93, 49, 161, 104, 185, 132, 54, 127, 18, 81, 137, 183, 0]
Route 5: [0, 155, 78, 67, 126, 35, 166, 71, 9, 1, 99, 53, 144, 101, 0]
Route 6: [0, 192, 23, 92, 195, 153, 89, 105, 59, 96, 97, 30, 0, 107, 0]
Route 7: [0, 32, 171, 65, 51, 141, 69, 124, 136, 189, 147, 47, 70, 0]
Route 8: [0, 154, 173, 182, 75, 163, 194, 145, 52, 21, 196, 19, 68, 0]
Route 9: [0, 138, 199, 37, 58, 184, 114, 63, 111, 142, 140, 187, 56, 0]
Route 10: [0, 113, 139, 73, 129, 6, 122, 11, 116, 12, 85, 41, 179, 0]
Route 11: [0, 27, 77, 172, 31, 25, 80, 29, 87, 42, 123, 198, 149, 0]
Route 12: [0, 62, 159, 38, 150, 22, 151, 16, 3, 98, 157, 135, 55, 0]
Route 13: [0, 109, 0, 13, 167, 10, 193, 46, 128, 106, 95, 158, 190, 2, 0]
Route 14: [0, 177, 88, 8, 186, 117, 181, 7, 119, 39, 0]
Route 15: [0, 148, 103, 20, 24, 61, 100, 110, 162, 64, 0, 44, 131, 0]
Route 16: [0, 169, 50, 112, 168, 79, 156, 134, 170, 15, 74, 76, 0]
Route 17: [0, 17, 57, 83, 143, 176, 36, 33, 121, 165, 188, 108, 175, 0]
