Route 1: [0, 190, 5, 180, 35, 126, 71, 9, 1, 99, 53, 166, 17, 0]
Route 2: [0, 45, 27, 80, 115, 94, 51, 174, 136, 189, 91, 0]
Route 3: [0, 32, 197, 200, 141, 69, 70, 124, 171, 65, 86, 147, 0]
Route 4: [0, 93, 36, 193, 46, 128, 33, 121, 165, 188, 108, 84, 191, 0]
Route 5: [0, 114, 159, 38, 150, 22, 151, 16, 140, 187, 142, 111, 63, 56, 0]
Route 6: [0, 164, 66, 12, 129, 11, 6, 122, 139, 95, 158, 10, 34, 0]
Route 7: [0, 101, 144, 119, 58, 184, 199, 37, 81, 138, 135, 55, 137, 0]
Route 8: [0, 170, 134, 50, 156, 112, 168, 79, 29, 87, 42, 123, 133, 0]
Route 9: [0, 161, 104, 18, 8, 186, 127, 98, 157, 117, 183, 68, 76, 0]
Route 10: [0, 177, 3, 88, 54, 185, 132, 7, 181, 49, 0, 116, 73, 0]
Route 11: [0, 57, 118, 83, 143, 176, 125, 4, 167, 106, 72, 82, 60, 0]
Route 12: [0, 62, 131, 44, 0, 146, 194, 145, 195, 52, 92, 75, 163, 89, 0]
Route 13: [0, 30, 120, 26, 192, 97, 14, 96, 130, 74, 149, 109, 0]
Route 14: [0, 113, 155, 78, 175, 13, 43, 2, 90, 67, 39, 107, 0]
Route 15: [0, 148, 103, 160, 47, 0, 61, 100, 64, 59, 198, 28, 0]
Route 16: [0, 20, 48, 152, 40, 153, 169, 105, 15, 196, 19, 102, 0]
Route 17: [0, 21, 23, 173, 154, 24, 77, 110, 172, 85, 41, 179, 0]
Route 18: [0, 178, 182, 31, 25, 162, 0]
