Route 1: [0, 78, 113, 133, 26, 152, 112, 168, 79, 29, 87, 42, 0]
Route 2: [0, 57, 83, 60, 180, 84, 46, 128, 106, 167, 34, 95, 158, 0]
Route 3: [0, 12, 160, 147, 11, 6, 13, 43, 2, 90, 67, 17, 39, 0]
Route 4: [0, 120, 102, 146, 19, 192, 196, 97, 14, 198, 105, 59, 149, 0]
Route 5: [0, 5, 10, 193, 82, 191, 125, 4, 72, 121, 165, 188, 108, 0]
Route 6: [0, 131, 44, 159, 38, 150, 22, 151, 16, 140, 187, 142, 111, 0]
Route 7: [0, 178, 27, 154, 24, 173, 76, 68, 169, 89, 15, 109, 0]
Route 8: [0, 148, 103, 197, 124, 141, 69, 200, 172, 77, 110, 0]
Route 9: [0, 45, 20, 41, 85, 80, 31, 25, 61, 100, 64, 162, 0]
Route 10: [0, 73, 129, 164, 66, 47, 70, 91, 122, 139, 0, 179, 0]
Route 11: [0, 48, 170, 134, 50, 156, 163, 194, 145, 195, 52, 92, 123, 0]
Route 12: [0, 116, 32, 171, 65, 86, 115, 94, 51, 174, 136, 189, 0]
Route 13: [0, 30, 21, 23, 182, 75, 40, 153, 96, 130, 28, 74, 0]
Route 14: [0, 93, 55, 135, 18, 8, 186, 7, 181, 117, 49, 0]
Route 15: [0, 155, 101, 144, 119, 166, 35, 126, 71, 9, 1, 99, 53, 107, 0]
Route 16: [0, 62, 161, 104, 185, 54, 132, 127, 98, 157, 63, 56, 0]
Route 17: [0, 114, 177, 3, 88, 58, 184, 199, 37, 81, 138, 137, 183, 0]
Route 18: [0, 175, 190, 118, 143, 176, 36, 33, 0]
