Route 1: [0, 133, 48, 26, 152, 40, 153, 169, 96, 130, 28, 74, 149, 0]
Route 2: [0, 45, 178, 27, 173, 154, 24, 61, 100, 64, 179, 109, 0]
Route 3: [0, 170, 134, 50, 156, 112, 168, 79, 29, 87, 42, 123, 0]
Route 4: [0, 93, 55, 135, 58, 184, 199, 37, 81, 138, 53, 0]
Route 5: [0, 114, 159, 38, 150, 22, 151, 16, 140, 187, 142, 111, 63, 56, 0]
Route 6: [0, 161, 104, 18, 54, 185, 132, 7, 181, 117, 49, 0]
Route 7: [0, 148, 103, 197, 124, 141, 69, 200, 0]
Route 8: [0, 30, 120, 19, 192, 196, 97, 14, 89, 105, 15, 59, 198, 0]
Route 9: [0, 101, 144, 119, 166, 35, 126, 71, 9, 1, 99, 0]
Route 10: [0, 177, 3, 88, 8, 186, 127, 98, 157, 137, 183, 0]
Route 11: [0, 60, 82, 180, 84, 191, 125, 4, 72, 0]
Route 12: [0, 113, 155, 78, 175, 13, 43, 2, 90, 67, 17, 39, 107, 0]
Route 13: [0, 190, 5, 10, 193, 46, 128, 106, 167, 34, 95, 158, 0]
Route 14: [0, 21, 23, 182, 75, 163, 194, 145, 195, 52, 92, 0]
Route 15: [0, 73, 116, 12, 129, 11, 6, 122, 139, 0]
Route 16: [0, 57, 118, 83, 143, 176, 36, 33, 121, 165, 188, 108, 0]
Route 17: [0, 32, 171, 65, 86, 115, 94, 51, 174, 136, 189, 0]
Route 18: [0, 62, 131, 44, 102, 146, 68, 76, 0]
Route 19: [0, 164, 66, 147, 160, 47, 91, 70, 0]
Route 20: [0, 20, 41, 85, 80, 31, 25, 172, 77, 110, 162, 0]
