Route 1: [0, 120, 21, 23, 182, 75, 163, 194, 145, 92, 15, 0]
Route 2: [0, 20, 41, 85, 80, 6, 11, 122, 139, 179, 109, 0]
Route 3: [0, 57, 60, 82, 180, 84, 191, 125, 167, 0]
Route 4: [0, 164, 66, 129, 175, 13, 43, 2, 90, 67, 17, 39, 0]
Route 5: [0, 62, 30, 19, 192, 196, 97, 29, 89, 105, 59, 149, 0]
Route 6: [0, 48, 170, 134, 50, 156, 112, 168, 79, 195, 52, 123, 0]
Route 7: [0, 178, 133, 26, 152, 40, 153, 169, 14, 96, 130, 28, 74, 0]
Route 8: [0, 45, 27, 173, 154, 24, 31, 25, 172, 77, 87, 42, 198, 0]
Route 9: [0, 155, 78, 144, 119, 166, 35, 126, 71, 9, 1, 99, 107, 0]
Route 10: [0, 177, 3, 88, 186, 8, 151, 16, 140, 187, 142, 0]
Route 11: [0, 73, 116, 12, 147, 160, 47, 91, 70, 34, 95, 0]
Route 12: [0, 190, 5, 10, 193, 46, 106, 128, 4, 72, 158, 0]
Route 13: [0, 148, 103, 197, 124, 69, 141, 174, 51, 136, 189, 0]
Route 14: [0, 93, 55, 135, 58, 184, 199, 37, 81, 138, 137, 183, 0]
Route 15: [0, 101, 161, 104, 18, 54, 185, 127, 98, 157, 111, 63, 56, 0]
Route 16: [0, 32, 171, 65, 86, 115, 94, 200, 110, 162, 0]
Route 17: [0, 113, 118, 83, 143, 176, 36, 33, 121, 165, 188, 108, 0]
Route 18: [0, 114, 159, 38, 150, 22, 132, 7, 181, 117, 49, 53, 0]
Route 19: [0, 131, 44, 102, 146, 68, 76, 61, 100, 64, 0]
