Route 1: [0, 78, 155, 175, 18, 88, 3, 157, 37, 81, 138, 39, 107, 0]
Route 2: [0, 101, 58, 161, 104, 185, 54, 132, 7, 181, 117, 49, 53, 0]
Route 3: [0, 131, 44, 114, 159, 177, 8, 186, 127, 98, 187, 63, 0]
Route 4: [0, 118, 83, 143, 176, 36, 43, 13, 2, 90, 17, 188, 158, 0]
Route 5: [0, 144, 119, 184, 151, 38, 150, 22, 140, 16, 142, 111, 56, 0]
Route 6: [0, 57, 60, 82, 180, 84, 191, 125, 4, 72, 121, 108, 99, 0]
Route 7: [0, 27, 173, 154, 178, 76, 146, 68, 61, 100, 64, 149, 74, 0]
Route 8: [0, 113, 73, 116, 129, 11, 6, 139, 122, 167, 34, 95, 0]
Route 9: [0, 62, 102, 30, 133, 152, 40, 153, 87, 29, 42, 123, 0]
Route 10: [0, 26, 170, 134, 50, 156, 112, 168, 79, 195, 89, 105, 198, 0]
Route 11: [0, 12, 164, 66, 91, 197, 141, 69, 200, 174, 136, 0, 109, 0]
Route 12: [0, 45, 24, 41, 85, 80, 31, 25, 172, 77, 110, 179, 0]
Route 13: [0, 190, 5, 10, 106, 128, 46, 193, 33, 165, 183, 137, 0]
Route 14: [0, 148, 124, 32, 171, 65, 86, 115, 94, 51, 189, 162, 0]
Route 15: [0, 48, 21, 23, 182, 75, 163, 194, 145, 52, 92, 130, 0]
Route 16: [0, 93, 55, 135, 199, 35, 166, 126, 71, 9, 1, 67, 0]
Route 17: [0, 120, 19, 192, 196, 97, 14, 169, 15, 59, 96, 28, 0]
Route 18: [0, 20, 103, 160, 147, 47, 70, 0]
