Route 1: [0, 114, 159, 38, 150, 22, 151, 16, 140, 187, 142, 111, 63, 56, 0]
Route 2: [0, 113, 0, 129, 11, 6, 122, 139, 110, 162, 77, 41, 20, 0]
Route 3: [0, 30, 120, 149, 154, 24, 61, 100, 64, 169, 89, 105, 28, 0]
Route 4: [0, 133, 48, 26, 152, 40, 153, 14, 96, 130, 15, 59, 196, 68, 0]
Route 5: [0, 93, 55, 135, 58, 184, 199, 37, 81, 138, 183, 71, 101, 0]
Route 6: [0, 148, 103, 197, 13, 43, 121, 165, 46, 128, 106, 167, 0]
Route 7: [0, 45, 178, 85, 80, 31, 25, 171, 174, 136, 65, 189, 172, 0]
Route 8: [0, 62, 131, 44, 192, 145, 194, 163, 92, 52, 195, 198, 0, 76, 0]
Route 9: [0, 57, 118, 83, 143, 176, 188, 33, 193, 34, 95, 158, 2, 0]
Route 10: [0, 32, 124, 200, 69, 141, 51, 94, 115, 86, 147, 116, 73, 0]
Route 11: [0, 12, 91, 164, 160, 47, 66, 70, 0, 155, 67, 39, 107, 78, 17, 0]
Route 12: [0, 161, 104, 18, 54, 185, 132, 7, 181, 117, 49, 90, 175, 0]
Route 13: [0, 177, 3, 88, 8, 186, 127, 98, 157, 137, 53, 126, 166, 0]
Route 14: [0, 10, 5, 180, 84, 191, 125, 4, 82, 60, 108, 190, 119, 0]
Route 15: [0, 170, 134, 50, 156, 112, 168, 79, 29, 87, 42, 123, 74, 0]
Route 16: [0, 75, 23, 182, 21, 97, 19, 146, 102, 0, 27, 179, 109, 0]
Route 17: [0, 173, 35, 9, 1, 99, 144, 72, 36, 0]
