Route 1: [0, 145, 112, 30, 128, 142, 98, 194, 62, 34, 183, 88, 99, 152, 0, 14, 18, 172, 158, 120, 143, 148, 185, 169, 146, 124, 0]
Route 2: [0, 108, 106, 94, 47, 82, 12, 22, 127, 198, 95, 102, 6, 189, 177, 138, 0, 24, 45, 52, 59, 60, 101, 154, 81, 0]
Route 3: [0, 155, 67, 150, 137, 36, 5, 3, 68, 0, 90, 84, 38, 118, 104, 159, 173, 178, 19, 114, 74, 83, 39, 0]
Route 4: [0, 161, 48, 92, 168, 139, 78, 187, 162, 122, 76, 181, 87, 0, 7, 55, 25, 61, 80, 182, 75, 41, 91, 0]
Route 5: [0, 4, 15, 184, 71, 144, 129, 70, 125, 89, 110, 37, 0, 111, 200, 40, 17, 2, 8, 53, 192, 121, 35, 0]
Route 6: [0, 196, 73, 32, 20, 163, 136, 77, 58, 23, 96, 29, 174, 0, 119, 103, 113, 31, 134, 0]
Route 7: [0, 147, 135, 93, 199, 133, 27, 195, 180, 64, 28, 109, 157, 0, 69, 165, 21, 26, 126, 51, 156, 176, 197, 149, 0]
Route 8: [0, 132, 63, 160, 117, 49, 86, 131, 66, 50, 11, 130, 116, 44, 79, 0, 105, 13, 100, 10, 57, 97, 0]
Route 9: [0, 140, 46, 164, 54, 141, 151, 43, 85, 191, 65, 0, 107, 72, 166, 33, 193, 186, 179, 153, 190, 167, 188, 56, 175, 9, 0]
Route 10: [0, 16, 115, 171, 170, 42, 123, 1, 0]
