Route 1: [0, 63, 44, 50, 5, 66, 165, 124, 181, 103, 101, 154, 0]
Route 2: [0, 149, 81, 18, 150, 14, 176, 69, 134, 126, 78, 0]
Route 3: [0, 140, 57, 173, 163, 100, 95, 90, 59, 0]
Route 4: [0, 112, 115, 16, 98, 6, 189, 177, 127, 102, 10, 198, 110, 0]
Route 5: [0, 73, 30, 2, 8, 187, 171, 122, 17, 192, 200, 119, 0]
Route 6: [0, 196, 13, 20, 152, 34, 104, 136, 58, 29, 65, 43, 0]
Route 7: [0, 106, 85, 94, 38, 178, 23, 22, 191, 77, 0]
Route 8: [0, 155, 51, 26, 143, 113, 146, 121, 32, 138, 88, 183, 40, 128, 0]
Route 9: [0, 4, 188, 184, 153, 166, 193, 151, 125, 56, 33, 144, 186, 179, 190, 0]
Route 10: [0, 157, 93, 199, 135, 133, 64, 130, 79, 156, 172, 148, 197, 0]
Route 11: [0, 87, 145, 35, 0, 109, 25, 116, 11, 49, 28, 27, 61, 75, 0]
Route 12: [0, 55, 67, 0, 60, 62, 194, 142, 159, 47, 82, 74, 52, 24, 0]
Route 13: [0, 7, 41, 36, 137, 68, 80, 195, 160, 182, 9, 0, 97, 45, 108, 0]
Route 14: [0, 1, 161, 92, 48, 162, 76, 170, 42, 105, 0]
Route 15: [0, 46, 15, 71, 89, 175, 129, 96, 174, 83, 0]
Route 16: [0, 72, 147, 54, 12, 19, 114, 39, 37, 164, 141, 70, 107, 0]
Route 17: [0, 132, 120, 123, 99, 84, 118, 111, 0]
Route 18: [0, 117, 3, 86, 131, 180, 167, 91, 0]
Route 19: [0, 168, 139, 21, 31, 185, 169, 53, 0]
Route 20: [0, 158, 0]
