Route 1: [0, 161, 92, 168, 139, 187, 162, 115, 16, 171, 169, 146, 0, 39, 37, 29, 96, 65, 110, 174, 83, 52, 0]
Route 2: [0, 55, 150, 36, 68, 3, 5, 80, 0, 114, 19, 23, 178, 177, 127, 58, 22, 82, 47, 77, 198, 108, 0]
Route 3: [0, 18, 120, 143, 51, 26, 123, 21, 176, 14, 0, 175, 167, 33, 186, 144, 179, 190, 28, 75, 0]
Route 4: [0, 132, 63, 158, 86, 117, 195, 133, 64, 109, 182, 56, 0, 154, 101, 111, 105, 24, 97, 0]
Route 5: [0, 20, 30, 60, 35, 145, 121, 34, 62, 194, 142, 98, 159, 84, 90, 138, 0]
Route 6: [0, 149, 81, 0, 87, 1, 113, 48, 122, 8, 2, 17, 76, 192, 0, 164, 70, 107, 0]
Route 7: [0, 41, 7, 67, 137, 44, 50, 66, 131, 160, 180, 25, 116, 130, 11, 79, 0, 9, 119, 0]
Route 8: [0, 46, 4, 72, 184, 188, 15, 54, 106, 89, 0, 69, 165, 31, 185, 126, 156, 172, 49, 27, 61, 197, 0]
Route 9: [0, 157, 147, 135, 199, 93, 153, 166, 193, 151, 125, 0, 32, 118, 183, 88, 200, 40, 128, 59, 0]
Route 10: [0, 140, 73, 57, 173, 13, 99, 0, 134, 103, 124, 181, 53, 42, 170, 78, 148, 91, 0]
Route 11: [0, 155, 196, 112, 152, 38, 104, 100, 163, 136, 95, 189, 6, 102, 0]
Route 12: [0, 71, 85, 94, 12, 141, 129, 191, 43, 74, 10, 45, 0]
