Route 1: [0, 73, 145, 121, 35, 0, 32, 38, 152, 118, 99, 88, 183, 200, 112, 105, 0]
Route 2: [0, 46, 15, 184, 153, 135, 109, 25, 182, 107, 179, 190, 167, 188, 0]
Route 3: [0, 63, 44, 5, 3, 160, 86, 131, 66, 50, 79, 0, 9, 141, 43, 85, 191, 65, 89, 110, 37, 0]
Route 4: [0, 55, 7, 67, 150, 36, 137, 68, 158, 124, 181, 0]
Route 5: [0, 4, 56, 72, 164, 54, 12, 22, 77, 95, 178, 23, 0, 24, 59, 52, 45, 97, 108, 0]
Route 6: [0, 157, 93, 199, 147, 80, 180, 195, 117, 130, 11, 116, 172, 148, 119, 0]
Route 7: [0, 132, 156, 51, 143, 176, 165, 69, 0, 39, 29, 96, 74, 10, 173, 198, 90, 83, 0]
Route 8: [0, 87, 115, 17, 76, 170, 187, 78, 139, 18, 14, 197, 0]
Route 9: [0, 106, 129, 71, 33, 166, 151, 125, 144, 186, 193, 70, 0, 149, 91, 41, 0]
Route 10: [0, 140, 20, 163, 104, 100, 13, 84, 138, 192, 53, 42, 161, 0]
Route 11: [0, 196, 30, 2, 16, 162, 171, 8, 122, 169, 146, 101, 111, 60, 0, 154, 103, 31, 113, 185, 81, 0]
Route 12: [0, 155, 120, 26, 48, 34, 194, 136, 142, 159, 40, 128, 98, 62, 0]
Route 13: [0, 92, 168, 123, 21, 126, 1, 134, 0, 61, 49, 27, 133, 64, 28, 75, 0]
Route 14: [0, 57, 82, 94, 47, 58, 127, 189, 6, 177, 102, 19, 114, 174, 175, 0]
