Route 1: [0, 63, 44, 3, 130, 86, 131, 50, 79, 156, 172, 148, 119, 0]
Route 2: [0, 30, 20, 163, 98, 136, 142, 159, 47, 82, 58, 127, 77, 13, 32, 0]
Route 3: [0, 196, 145, 53, 2, 34, 38, 62, 84, 118, 88, 111, 83, 108, 0]
Route 4: [0, 132, 120, 26, 123, 48, 0, 69, 31, 134, 126, 139, 78, 187, 122, 161, 185, 0]
Route 5: [0, 157, 93, 199, 135, 133, 64, 195, 180, 117, 49, 27, 72, 107, 197, 0]
Route 6: [0, 4, 188, 184, 153, 54, 89, 175, 56, 33, 144, 43, 129, 141, 164, 0]
Route 7: [0, 46, 15, 71, 186, 166, 193, 151, 125, 0, 138, 152, 183, 40, 121, 112, 128, 194, 90, 0]
Route 8: [0, 140, 57, 114, 173, 100, 104, 95, 39, 29, 96, 70, 0, 24, 59, 60, 0]
Route 9: [0, 106, 85, 191, 65, 94, 12, 19, 178, 23, 22, 189, 102, 10, 198, 0]
Route 10: [0, 158, 51, 143, 14, 80, 109, 28, 25, 116, 0, 97, 45, 1, 81, 149, 0]
Route 11: [0, 55, 67, 150, 137, 68, 176, 113, 124, 146, 181, 0, 9, 174, 74, 110, 37, 0]
Route 12: [0, 168, 92, 16, 21, 165, 169, 103, 101, 154, 0, 7, 91, 61, 75, 0]
Route 13: [0, 155, 41, 36, 5, 66, 11, 160, 182, 147, 167, 179, 190, 0]
Route 14: [0, 87, 18, 35, 192, 76, 17, 200, 99, 52, 0]
Route 15: [0, 73, 115, 8, 162, 171, 170, 42, 105, 0]
Route 16: [0, 6, 177, 0]
