Route 1: [0, 41, 199, 93, 27, 195, 49, 117, 182, 193, 144, 179, 186, 191, 85, 43, 129, 70, 188, 0]
Route 2: [0, 46, 164, 106, 141, 110, 163, 104, 136, 98, 142, 128, 183, 111, 60, 119, 0, 37, 108, 97, 45, 24, 0]
Route 3: [0, 140, 196, 145, 35, 112, 121, 192, 76, 169, 181, 0, 9, 175, 56, 72, 167, 190, 135, 147, 0]
Route 4: [0, 7, 55, 67, 36, 3, 68, 137, 150, 14, 18, 0, 118, 99, 88, 40, 200, 17, 53, 122, 161, 146, 0]
Route 5: [0, 73, 59, 83, 57, 22, 94, 65, 151, 125, 0, 172, 158, 11, 130, 160, 61, 180, 133, 64, 75, 0]
Route 6: [0, 157, 107, 153, 54, 12, 82, 47, 95, 6, 177, 198, 74, 0]
Route 7: [0, 87, 30, 20, 34, 38, 84, 138, 32, 159, 100, 173, 102, 189, 127, 77, 19, 114, 0]
Route 8: [0, 120, 51, 126, 26, 143, 31, 113, 176, 69, 0, 39, 23, 58, 178, 10, 13, 62, 194, 152, 90, 0]
Route 9: [0, 132, 92, 48, 168, 21, 165, 124, 103, 134, 0, 89, 29, 96, 174, 52, 105, 154, 81, 0]
Route 10: [0, 16, 115, 2, 162, 171, 170, 78, 148, 156, 50, 66, 0]
Route 11: [0, 155, 63, 44, 131, 86, 5, 25, 79, 116, 197, 149, 0]
Route 12: [0, 4, 15, 184, 33, 71, 166, 109, 28, 80, 91, 0, 101, 42, 8, 187, 139, 123, 185, 1, 0]
