Route 1: [0, 132, 155, 67, 41, 150, 36, 68, 137, 0, 69, 124, 181, 192, 200, 40, 0]
Route 2: [0, 114, 57, 32, 35, 34, 98, 62, 194, 142, 128, 183, 88, 111, 60, 0, 91, 28, 80, 75, 7, 0]
Route 3: [0, 157, 147, 93, 199, 135, 133, 64, 27, 195, 49, 117, 180, 116, 172, 14, 0, 97, 45, 59, 112, 0]
Route 4: [0, 140, 87, 92, 123, 48, 76, 169, 103, 61, 0, 149, 0]
Route 5: [0, 18, 158, 50, 86, 131, 66, 130, 160, 79, 156, 126, 78, 148, 0, 119, 197, 1, 81, 0]
Route 6: [0, 196, 30, 20, 163, 104, 100, 136, 6, 159, 177, 189, 102, 173, 0]
Route 7: [0, 55, 63, 44, 11, 3, 5, 0, 175, 129, 33, 186, 144, 43, 70, 72, 107, 56, 110, 37, 0]
Route 8: [0, 73, 145, 121, 2, 16, 8, 38, 84, 118, 138, 0, 9, 174, 74, 10, 13, 90, 152, 99, 0]
Route 9: [0, 168, 115, 162, 171, 170, 17, 53, 42, 122, 161, 0]
Route 10: [0, 46, 4, 15, 54, 89, 151, 125, 164, 0, 39, 29, 96, 47, 82, 58, 127, 77, 198, 108, 0]
Route 11: [0, 188, 184, 153, 71, 166, 193, 109, 25, 182, 167, 179, 190, 0]
Route 12: [0, 106, 141, 85, 191, 65, 94, 12, 19, 95, 178, 23, 22, 0, 83, 52, 105, 24, 0]
Route 13: [0, 120, 51, 26, 143, 176, 21, 165, 31, 134, 0, 101, 154, 113, 185, 139, 187, 146, 0]
