Route 1: [0, 81, 1, 51, 26, 123, 0, 69, 165, 31, 134, 103, 172, 148, 91, 197, 0]
Route 2: [0, 155, 55, 7, 41, 150, 36, 137, 14, 0, 124, 181, 169, 53, 192, 200, 40, 128, 10, 198, 110, 0]
Route 3: [0, 149, 87, 161, 92, 48, 139, 76, 121, 39, 164, 141, 191, 43, 0]
Route 4: [0, 140, 13, 20, 173, 152, 163, 104, 100, 136, 84, 90, 138, 0, 9, 28, 61, 75, 0]
Route 5: [0, 132, 57, 35, 113, 146, 170, 17, 42, 119, 0]
Route 6: [0, 196, 73, 145, 2, 8, 187, 162, 171, 122, 185, 0, 101, 154, 97, 52, 59, 24, 108, 0]
Route 7: [0, 63, 44, 117, 3, 5, 68, 80, 64, 109, 0, 37, 29, 65, 96, 74, 83, 45, 0]
Route 8: [0, 67, 18, 143, 176, 21, 79, 156, 126, 78, 0]
Route 9: [0, 4, 15, 71, 166, 193, 151, 175, 56, 33, 129, 144, 186, 70, 107, 0]
Route 10: [0, 112, 30, 60, 99, 38, 62, 32, 118, 183, 88, 111, 105, 0]
Route 11: [0, 46, 106, 85, 94, 12, 19, 95, 6, 189, 58, 127, 47, 174, 0]
Route 12: [0, 168, 115, 16, 34, 98, 194, 142, 159, 177, 102, 77, 0]
Route 13: [0, 157, 147, 93, 199, 135, 133, 195, 160, 25, 182, 167, 179, 190, 0]
Route 14: [0, 120, 158, 50, 86, 131, 66, 130, 180, 116, 11, 49, 27, 0]
Route 15: [0, 72, 188, 184, 153, 54, 89, 125, 114, 178, 23, 22, 82, 0]
