Route 1: [0, 155, 67, 63, 3, 117, 64, 133, 195, 160, 130, 79, 156, 126, 78, 0]
Route 2: [0, 87, 168, 123, 26, 21, 139, 187, 185, 103, 0, 9, 70, 91, 75, 197, 0]
Route 3: [0, 157, 72, 188, 15, 106, 54, 151, 125, 89, 114, 32, 138, 0, 154, 101, 45, 97, 83, 52, 59, 0]
Route 4: [0, 81, 1, 92, 161, 8, 48, 146, 121, 0, 181, 169, 53, 200, 40, 128, 10, 110, 108, 0]
Route 5: [0, 140, 196, 73, 112, 35, 0, 12, 19, 136, 95, 178, 23, 58, 22, 65, 191, 43, 107, 0]
Route 6: [0, 132, 120, 143, 51, 176, 165, 113, 31, 124, 0, 37, 29, 96, 47, 82, 74, 105, 24, 0]
Route 7: [0, 7, 55, 150, 36, 44, 68, 5, 137, 14, 0, 69, 134, 172, 11, 49, 28, 27, 61, 0]
Route 8: [0, 4, 184, 153, 71, 166, 193, 175, 56, 129, 33, 144, 186, 179, 190, 0]
Route 9: [0, 149, 0, 57, 173, 152, 163, 104, 38, 118, 84, 90, 39, 164, 141, 174, 119, 0]
Route 10: [0, 18, 158, 50, 86, 131, 66, 122, 170, 17, 42, 148, 0]
Route 11: [0, 46, 85, 94, 100, 189, 6, 159, 177, 127, 102, 77, 198, 0]
Route 12: [0, 145, 30, 20, 13, 60, 99, 34, 98, 62, 194, 142, 183, 88, 111, 0]
Route 13: [0, 2, 16, 115, 162, 171, 76, 192, 0]
Route 14: [0, 41, 147, 199, 93, 135, 80, 109, 25, 116, 180, 182, 167, 0]
