Route 1: [0, 105, 73, 0, 60, 112, 88, 183, 34, 194, 62, 136, 128, 200, 121, 87, 0]
Route 2: [0, 63, 44, 11, 130, 3, 5, 68, 36, 25, 150, 0, 188, 70, 166, 33, 193, 186, 179, 153, 190, 167, 72, 56, 175, 9, 0]
Route 3: [0, 99, 30, 142, 98, 20, 163, 102, 6, 100, 159, 104, 13, 38, 108, 0, 154, 103, 81, 149, 0]
Route 4: [0, 140, 184, 129, 191, 151, 141, 54, 125, 46, 0, 158, 172, 120, 156, 51, 126, 26, 176, 143, 165, 69, 0]
Route 5: [0, 106, 43, 85, 65, 22, 77, 189, 95, 173, 118, 152, 111, 35, 0, 97, 45, 52, 138, 90, 32, 59, 24, 0]
Route 6: [0, 107, 147, 135, 199, 93, 133, 27, 195, 64, 28, 109, 157, 0, 124, 169, 42, 8, 187, 78, 139, 168, 185, 31, 0]
Route 7: [0, 132, 67, 55, 137, 80, 182, 41, 91, 7, 0, 83, 84, 198, 23, 29, 96, 12, 82, 47, 58, 127, 178, 19, 114, 0]
Route 8: [0, 155, 14, 18, 79, 50, 66, 131, 86, 49, 160, 117, 61, 180, 116, 0, 39, 57, 74, 174, 37, 110, 89, 164, 4, 0]
Route 9: [0, 101, 122, 115, 16, 162, 171, 170, 2, 17, 40, 0, 119, 197, 75, 0]
Route 10: [0, 15, 71, 144, 94, 177, 10, 0]
Route 11: [0, 196, 145, 146, 92, 48, 161, 76, 53, 192, 181, 0, 113, 148, 123, 21, 1, 134, 0]
