Route 1: [0, 301, 207, 68, 568, 197, 76, 268, 565, 326, 435, 491, 574, 218, 403, 155, 418, 314, 84, 556, 575, 100, 107, 429, 382, 120, 420, 222, 224, 512, 347, 580, 182, 267, 388, 497, 583, 570, 42, 559, 332, 33, 554, 391, 506, 47, 543, 140, 533, 95, 414, 117, 85, 553, 555, 372, 339, 404, 0, 30, 441, 277, 156, 392, 483, 1, 402, 548, 451, 0]
Route 2: [0, 98, 238, 591, 179, 104, 161, 206, 397, 96, 21, 171, 549, 12, 515, 40, 170, 502, 411, 434, 398, 4, 363, 198, 464, 237, 400, 341, 445, 184, 354, 279, 468, 333, 19, 472, 295, 252, 133, 213, 336, 48, 81, 37, 264, 311, 38, 109, 598, 55, 258, 450, 390, 0, 389, 377, 119, 349, 440, 585, 35, 0]
Route 3: [0, 141, 384, 50, 350, 300, 87, 234, 356, 164, 357, 130, 191, 588, 24, 322, 97, 2, 121, 56, 366, 83, 405, 505, 194, 396, 355, 561, 183, 230, 562, 13, 173, 538, 316, 208, 86, 53, 374, 569, 73, 51, 422, 145, 153, 573, 394, 338, 385, 65, 292, 335, 159, 272, 428, 0, 148, 362, 546, 509, 0]
Route 4: [0, 115, 166, 0, 460, 112, 544, 260, 162, 309, 16, 139, 489, 415, 262, 325, 287, 227, 312, 256, 487, 58, 551, 477, 399, 324, 36, 431, 6, 520, 116, 235, 413, 64, 201, 455, 203, 245, 536, 77, 132, 454, 149, 193, 3, 265, 175, 190, 259, 163, 255, 521, 242, 513, 204, 346, 359, 20, 481, 514, 261, 446, 0]
Route 5: [0, 453, 364, 82, 542, 99, 144, 57, 29, 526, 26, 488, 463, 424, 211, 571, 88, 189, 63, 129, 247, 241, 94, 274, 600, 226, 476, 572, 106, 219, 517, 250, 315, 375, 14, 127, 361, 151, 342, 531, 187, 452, 540, 254, 8, 11, 280, 135, 467, 25, 379, 266, 462, 105, 321, 584, 138, 430, 310, 0]
Route 6: [0, 439, 114, 480, 285, 421, 524, 409, 337, 459, 563, 410, 131, 373, 178, 444, 378, 205, 181, 46, 594, 407, 541, 294, 214, 89, 566, 308, 307, 110, 510, 475, 370, 174, 231, 143, 228, 371, 592, 351, 290, 146, 343, 471, 32, 43, 200, 134, 500, 545, 478, 0, 599, 278, 383, 195, 240, 427, 448, 78, 102, 212, 412, 248, 199, 0]
Route 7: [0, 395, 80, 66, 596, 275, 406, 54, 501, 387, 393, 344, 136, 535, 380, 236, 416, 122, 473, 137, 303, 423, 123, 367, 318, 124, 317, 39, 305, 283, 329, 91, 243, 368, 186, 552, 320, 586, 150, 516, 298, 188, 202, 31, 466, 52, 425, 345, 581, 273, 557, 595, 7, 74, 75, 330, 490, 499, 172, 282, 522, 0]
Route 8: [0, 221, 296, 70, 34, 118, 23, 365, 576, 470, 185, 126, 550, 67, 302, 494, 525, 210, 492, 577, 508, 348, 9, 49, 59, 289, 587, 167, 432, 534, 560, 408, 529, 217, 18, 579, 229, 225, 484, 443, 590, 297, 271, 22, 433, 353, 111, 519, 27, 28, 168, 72, 62, 233, 281, 528, 340, 44, 381, 539, 232, 0, 486, 376, 257, 71, 0]
Route 9: [0, 547, 456, 532, 507, 304, 482, 438, 527, 449, 479, 495, 169, 284, 288, 319, 215, 249, 530, 564, 113, 597, 578, 92, 313, 79, 158, 419, 180, 239, 41, 103, 293, 447, 474, 518, 401, 558, 417, 291, 589, 93, 436, 176, 246, 196, 496, 0, 152, 299, 157, 458, 567, 270, 192, 386, 537, 177, 358, 485, 426, 0]
Route 10: [0, 504, 334, 209, 461, 511, 90, 582, 263, 457, 165, 216, 15, 503, 523, 128, 253, 437, 442, 60, 220, 306, 276, 269, 10, 493, 108, 593, 286, 469, 369, 328, 69, 223, 101, 360, 154, 45, 5, 323, 147, 251, 327, 244, 61, 465, 0]
Route 11: [0, 142, 17, 352, 498, 125, 160, 331, 0]
