Route 1: [0, 143, 296, 256, 194, 283, 315, 328, 278, 298, 156, 147, 96, 100, 162, 87, 389, 139, 71, 51, 79, 122, 29, 289, 246, 57, 305, 82, 152, 286, 350, 157, 356, 251, 6, 62, 209, 221, 325, 41, 69, 200, 167, 37, 48, 130, 371, 94, 61, 183, 220, 225, 321, 343, 0, 103, 8, 386, 353, 43, 376, 28, 12, 202, 241, 17, 14, 201, 60, 98, 331, 273, 0]
Route 2: [0, 186, 164, 313, 276, 168, 207, 2, 196, 127, 316, 179, 243, 165, 90, 360, 97, 224, 266, 118, 65, 138, 170, 141, 47, 242, 344, 3, 108, 52, 123, 226, 191, 314, 261, 348, 77, 334, 33, 327, 15, 272, 268, 174, 294, 300, 133, 0, 117, 332, 235, 309, 206, 34, 26, 105, 119, 231, 384, 180, 20, 310, 53, 347, 172, 0]
Route 3: [0, 213, 75, 211, 161, 238, 318, 349, 140, 72, 136, 391, 295, 288, 375, 355, 177, 16, 89, 10, 4, 239, 110, 345, 380, 195, 279, 247, 236, 270, 400, 271, 109, 111, 364, 1, 385, 154, 166, 124, 160, 379, 99, 135, 81, 83, 212, 84, 397, 7, 399, 336, 293, 187, 131, 182, 0]
Route 4: [0, 250, 359, 329, 76, 104, 78, 232, 333, 9, 381, 263, 113, 265, 342, 230, 228, 337, 312, 354, 292, 27, 303, 198, 19, 42, 68, 146, 308, 18, 126, 86, 280, 116, 335, 59, 193, 357, 227, 216, 120, 178, 114, 291, 244, 5, 184, 284, 0]
Route 5: [0, 144, 93, 398, 383, 150, 245, 55, 106, 252, 323, 269, 304, 63, 306, 197, 74, 326, 249, 192, 73, 377, 134, 25, 223, 274, 88, 54, 395, 112, 351, 24, 320, 281, 199, 145, 362, 233, 366, 101, 237, 158, 290, 205, 128, 190, 369, 132, 387, 365, 378, 66, 240, 338, 64, 229, 234, 38, 102, 203, 80, 188, 36, 0]
Route 6: [0, 142, 368, 155, 44, 255, 287, 346, 95, 46, 297, 307, 91, 324, 330, 373, 151, 56, 374, 181, 210, 39, 204, 393, 85, 277, 49, 219, 35, 22, 262, 153, 58, 0]
Route 7: [0, 70, 218, 171, 21, 390, 264, 189, 67, 50, 149, 31, 258, 260, 30, 259, 125, 282, 13, 311, 254, 215, 176, 248, 388, 257, 301, 208, 0]
Route 8: [0, 121, 222, 217, 317, 352, 173, 107, 169, 361, 214, 363, 32, 253, 275, 299, 358, 322, 45, 0]
Route 9: [0, 23, 396, 92, 367, 115, 340, 339, 185, 285, 302, 341, 129, 267, 11, 394, 382, 137, 163, 370, 159, 319, 0]
Route 10: [0, 40, 372, 392, 148, 175, 0]
