Route 1: [0, 144, 164, 313, 2, 196, 92, 147, 156, 139, 263, 100, 87, 162, 389, 82, 152, 286, 57, 356, 246, 305, 292, 157, 350, 289, 299, 280, 200, 41, 325, 167, 59, 335, 116, 94, 61, 388, 257, 64, 321, 183, 220, 338, 225, 7, 84, 153, 399, 234, 229, 241, 14, 60, 102, 201, 273, 331, 182, 98, 36, 58, 0]
Route 2: [0, 398, 121, 383, 150, 161, 211, 75, 168, 207, 165, 127, 316, 243, 179, 185, 137, 340, 396, 115, 367, 339, 341, 302, 261, 191, 163, 314, 382, 174, 294, 15, 272, 327, 33, 268, 166, 126, 154, 124, 86, 300, 160, 135, 99, 159, 216, 227, 178, 120, 336, 293, 187, 131, 203, 188, 172, 284, 0]
Route 3: [0, 93, 143, 283, 315, 194, 23, 296, 256, 76, 328, 9, 381, 298, 96, 113, 265, 71, 51, 29, 122, 79, 342, 230, 228, 19, 42, 27, 303, 198, 68, 146, 18, 277, 35, 357, 262, 379, 66, 365, 83, 240, 397, 343, 119, 105, 231, 301, 384, 180, 208, 184, 0]
Route 4: [0, 186, 213, 278, 104, 333, 232, 78, 40, 372, 392, 148, 254, 253, 275, 251, 62, 311, 221, 209, 6, 69, 22, 48, 37, 193, 322, 371, 130, 358, 378, 81, 212, 103, 376, 45, 202, 38, 17, 12, 347, 53, 0]
Route 5: [0, 359, 222, 276, 97, 224, 266, 118, 151, 324, 91, 330, 181, 355, 177, 136, 204, 52, 123, 170, 242, 344, 3, 348, 308, 77, 370, 219, 133, 319, 0]
Route 6: [0, 250, 155, 44, 95, 189, 346, 199, 264, 25, 255, 50, 67, 149, 24, 30, 260, 73, 259, 125, 282, 54, 88, 274, 223, 13, 101, 237, 158, 205, 128, 369, 190, 332, 117, 34, 235, 206, 309, 291, 114, 353, 386, 5, 8, 43, 244, 80, 20, 310, 0]
Route 7: [0, 245, 391, 295, 55, 106, 252, 46, 363, 214, 32, 393, 361, 217, 270, 258, 366, 233, 281, 362, 248, 176, 215, 290, 132, 387, 28, 0]
Route 8: [0, 238, 349, 318, 226, 360, 108, 90, 173, 285, 337, 312, 354, 129, 267, 11, 394, 334, 49, 385, 271, 109, 364, 1, 26, 0]
Route 9: [0, 329, 368, 142, 269, 323, 287, 390, 171, 218, 304, 306, 63, 197, 74, 395, 21, 326, 249, 112, 134, 145, 377, 320, 192, 351, 0]
Route 10: [0, 307, 317, 107, 72, 140, 169, 141, 65, 138, 352, 47, 56, 374, 210, 39, 400, 85, 0]
Route 11: [0, 288, 375, 89, 10, 16, 236, 247, 4, 239, 110, 345, 373, 380, 195, 111, 279, 0]
Route 12: [0, 70, 175, 31, 297, 0]
