Route 1: [0, 35, 398, 250, 359, 329, 201, 363, 143, 296, 256, 343, 147, 139, 100, 152, 87, 162, 29, 71, 51, 79, 122, 305, 82, 57, 246, 356, 157, 292, 27, 303, 198, 263, 350, 289, 299, 200, 14, 262, 193, 104, 41, 59, 167, 358, 40, 130, 397, 371, 389, 116, 342, 388, 257, 0, 178, 332, 400, 39, 151, 163, 20, 105, 119, 231, 384, 127, 196, 18, 208, 283, 202, 278, 17, 194, 273, 361, 172, 347, 4, 10, 309, 16, 80, 188, 369, 0]
Route 2: [0, 186, 164, 75, 161, 211, 313, 2, 165, 97, 224, 52, 118, 307, 330, 91, 324, 110, 239, 380, 247, 279, 195, 345, 111, 109, 49, 385, 271, 364, 89, 128, 222, 121, 357, 0, 58, 217, 117, 235, 34, 107, 159, 210, 206, 216, 227, 291, 114, 120, 190, 297, 5, 1, 244, 95, 142, 203, 131, 36, 85, 261, 310, 26, 226, 266, 53, 243, 352, 319, 284, 93, 0]
Route 3: [0, 383, 150, 238, 245, 375, 295, 288, 391, 55, 236, 67, 50, 149, 25, 73, 134, 24, 30, 260, 258, 31, 366, 281, 320, 192, 362, 233, 101, 237, 158, 205, 290, 248, 37, 325, 153, 335, 321, 96, 19, 160, 61, 156, 94, 9, 322, 135, 99, 12, 0, 331, 378, 218, 171, 81, 66, 212, 376, 386, 106, 353, 43, 8, 28, 103, 377, 145, 287, 187, 0]
Route 4: [0, 368, 155, 323, 346, 199, 390, 197, 70, 175, 21, 74, 326, 249, 259, 282, 54, 88, 223, 176, 274, 215, 221, 209, 69, 301, 92, 86, 124, 133, 365, 395, 387, 83, 240, 84, 45, 183, 229, 280, 234, 275, 38, 102, 112, 132, 351, 44, 306, 182, 0]
Route 5: [0, 144, 315, 328, 333, 232, 78, 381, 298, 113, 265, 312, 337, 228, 230, 42, 354, 382, 174, 267, 15, 327, 68, 146, 126, 277, 219, 168, 154, 379, 220, 225, 7, 399, 48, 336, 293, 60, 98, 0]
Route 6: [0, 213, 276, 207, 108, 316, 179, 185, 340, 396, 115, 367, 294, 339, 302, 341, 129, 11, 394, 137, 314, 191, 170, 344, 348, 334, 33, 268, 166, 300, 272, 64, 338, 241, 0]
Route 7: [0, 349, 318, 72, 317, 360, 90, 285, 173, 141, 138, 123, 65, 373, 56, 374, 242, 308, 77, 3, 370, 180, 184, 0]
Route 8: [0, 32, 76, 23, 372, 392, 286, 148, 253, 254, 311, 251, 62, 6, 22, 0]
Route 9: [0, 269, 252, 46, 140, 169, 136, 355, 177, 181, 204, 393, 270, 125, 13, 0]
Route 10: [0, 189, 264, 255, 304, 63, 214, 47, 0]
