Route 1: [0, 538, 116, 152, 512, 162, 375, 543, 550, 80, 0, 474, 0]
Route 2: [0, 458, 379, 48, 323, 207, 545, 459, 561, 159, 503, 0, 345, 0]
Route 3: [0, 184, 254, 361, 402, 470, 558, 515, 200, 123, 335, 455, 0, 59, 0]
Route 4: [0, 426, 219, 1, 84, 395, 439, 454, 129, 46, 85, 269, 49, 0]
Route 5: [0, 287, 351, 169, 26, 341, 220, 527, 35, 373, 0, 340, 0]
Route 6: [0, 493, 408, 363, 253, 172, 377, 271, 430, 0, 166, 0]
Route 7: [0, 276, 559, 504, 195, 422, 245, 364, 301, 429, 143, 126, 394, 0]
Route 8: [0, 3, 29, 589, 292, 174, 25, 41, 578, 433, 216, 486, 467, 264, 0]
Route 9: [0, 352, 57, 147, 73, 478, 151, 141, 555, 266, 124, 356, 583, 0]
Route 10: [0, 119, 192, 405, 522, 273, 283, 507, 347, 324, 586, 107, 0]
Route 11: [0, 487, 212, 170, 65, 15, 74, 574, 307, 132, 83, 153, 0, 464, 0]
Route 12: [0, 288, 489, 136, 539, 135, 485, 428, 32, 528, 225, 93, 0, 221, 0]
Route 13: [0, 444, 371, 573, 243, 305, 366, 339, 553, 544, 536, 231, 570, 0]
Route 14: [0, 588, 400, 117, 521, 165, 346, 300, 285, 293, 215, 436, 0]
Route 15: [0, 148, 524, 411, 115, 16, 372, 491, 584, 295, 211, 0]
Route 16: [0, 336, 230, 237, 509, 299, 406, 447, 24, 472, 11, 0, 36, 0]
Route 17: [0, 465, 52, 357, 554, 343, 263, 541, 277, 552, 290, 190, 479, 0]
Route 18: [0, 20, 540, 542, 596, 471, 201, 122, 382, 255, 388, 187, 0]
Route 19: [0, 441, 246, 232, 204, 534, 164, 304, 387, 569, 410, 114, 70, 0]
Route 20: [0, 482, 140, 103, 310, 78, 526, 281, 314, 565, 535, 349, 296, 0]
Route 21: [0, 418, 267, 551, 206, 319, 424, 548, 499, 106, 286, 355, 0]
Route 22: [0, 233, 370, 87, 72, 481, 272, 466, 423, 102, 43, 414, 100, 0, 334, 0]
Route 23: [0, 112, 205, 315, 519, 42, 2, 142, 316, 0, 598, 75, 0]
Route 24: [0, 31, 63, 537, 383, 149, 39, 530, 567, 270, 587, 362, 0]
Route 25: [0, 88, 590, 58, 40, 66, 64, 580, 155, 30, 0]
Route 26: [0, 9, 69, 262, 130, 213, 359, 176, 446, 128, 374, 409, 8, 531, 0]
Route 27: [0, 309, 549, 431, 183, 591, 209, 563, 156, 473, 89, 484, 0, 50, 0]
Route 28: [0, 396, 268, 434, 196, 257, 67, 460, 54, 98, 227, 421, 228, 0]
Route 29: [0, 461, 14, 457, 226, 298, 133, 450, 125, 495, 168, 397, 0]
Route 30: [0, 322, 19, 592, 193, 260, 333, 294, 62, 284, 0, 178, 568, 0]
Route 31: [0, 440, 413, 5, 53, 448, 160, 110, 317, 407, 280, 0]
Route 32: [0, 575, 239, 241, 236, 92, 214, 502, 389, 186, 517, 390, 0]
Route 33: [0, 594, 291, 384, 208, 506, 331, 113, 391, 597, 313, 223, 0]
Route 34: [0, 572, 45, 463, 412, 342, 415, 525, 593, 419, 86, 0]
Route 35: [0, 546, 191, 261, 380, 337, 96, 37, 318, 242, 398, 234, 0]
Route 36: [0, 21, 344, 167, 577, 27, 581, 365, 451, 99, 250, 475, 0]
Route 37: [0, 173, 376, 500, 416, 321, 312, 218, 392, 508, 350, 564, 109, 0]
Route 38: [0, 28, 523, 501, 420, 571, 442, 496, 4, 368, 404, 222, 235, 425, 0]
Route 39: [0, 90, 360, 492, 354, 23, 452, 393, 181, 308, 338, 76, 197, 0]
Route 40: [0, 111, 560, 510, 258, 265, 566, 557, 256, 55, 61, 71, 0, 224, 0]
Route 41: [0, 330, 47, 247, 60, 417, 175, 516, 121, 229, 476, 194, 179, 0]
Route 42: [0, 13, 490, 68, 468, 348, 332, 329, 118, 511, 10, 0]
Route 43: [0, 518, 595, 381, 189, 0, 77, 238, 576, 582, 131, 33, 562, 529, 0]
Route 44: [0, 158, 399, 303, 38, 34, 56, 513, 326, 134, 0]
Route 45: [0, 154, 358, 120, 244, 163, 146, 251, 449, 144, 532, 0]
Route 46: [0, 18, 202, 17, 137, 177, 445, 185, 104, 0]
Route 47: [0, 353, 469, 150, 453, 498, 274, 514, 443, 171, 547, 556, 0]
Route 48: [0, 51, 101, 199, 297, 378, 91, 505, 437, 97, 0]
Route 49: [0, 302, 259, 279, 248, 79, 328, 435, 311, 217, 480, 203, 0]
Route 50: [0, 600, 367, 320, 127, 282, 579, 252, 289, 138, 180, 0]
Route 51: [0, 157, 306, 327, 456, 462, 438, 6, 145, 401, 161, 369, 0]
Route 52: [0, 386, 385, 22, 94, 95, 182, 403, 108, 427, 585, 278, 0]
Route 53: [0, 210, 497, 139, 249, 494, 275, 82, 105, 240, 488, 520, 0, 188, 0]
Route 54: [0, 7, 533, 477, 599, 483, 325, 198, 432, 81, 12, 44, 0]
