Route 1: [0, 531, 69, 533, 537, 383, 160, 530, 567, 124, 356, 583, 42, 0]
Route 2: [0, 9, 31, 63, 5, 53, 362, 37, 318, 242, 2, 226, 142, 0]
Route 3: [0, 155, 580, 45, 463, 412, 342, 415, 40, 525, 0, 224, 303, 334, 0]
Route 4: [0, 546, 191, 261, 99, 298, 252, 289, 316, 425, 189, 10, 0]
Route 5: [0, 76, 338, 308, 241, 236, 227, 218, 502, 389, 214, 100, 98, 0]
Route 6: [0, 47, 247, 381, 350, 392, 312, 177, 235, 445, 321, 564, 0]
Route 7: [0, 600, 367, 250, 468, 562, 56, 529, 102, 423, 43, 0]
Route 8: [0, 391, 572, 384, 354, 332, 506, 32, 528, 225, 348, 0]
Route 9: [0, 90, 540, 542, 596, 471, 72, 126, 143, 429, 301, 0]
Route 10: [0, 158, 75, 256, 55, 38, 566, 110, 317, 277, 280, 130, 190, 0]
Route 11: [0, 577, 344, 282, 127, 77, 238, 576, 313, 223, 331, 0, 36, 0]
Route 12: [0, 475, 358, 457, 474, 163, 146, 188, 138, 496, 180, 330, 0]
Route 13: [0, 154, 18, 120, 244, 197, 17, 137, 54, 431, 586, 107, 508, 0]
Route 14: [0, 157, 306, 385, 462, 438, 401, 6, 85, 552, 479, 0]
Route 15: [0, 7, 278, 427, 477, 599, 483, 182, 403, 145, 369, 585, 161, 0]
Route 16: [0, 148, 524, 211, 481, 272, 466, 394, 195, 422, 430, 162, 0]
Route 17: [0, 51, 150, 16, 453, 67, 460, 134, 513, 326, 274, 532, 0]
Route 18: [0, 594, 291, 575, 239, 418, 23, 319, 424, 83, 520, 186, 0]
Route 19: [0, 20, 379, 459, 545, 207, 561, 503, 458, 201, 19, 0]
Route 20: [0, 246, 232, 402, 470, 558, 515, 200, 123, 361, 254, 526, 0]
Route 21: [0, 536, 444, 371, 573, 243, 305, 366, 339, 553, 544, 264, 296, 0]
Route 22: [0, 493, 408, 363, 253, 172, 550, 377, 271, 80, 0, 598, 33, 0]
Route 23: [0, 352, 57, 147, 73, 478, 151, 141, 108, 81, 52, 426, 0]
Route 24: [0, 482, 565, 140, 78, 231, 281, 314, 570, 455, 310, 50, 0]
Route 25: [0, 82, 497, 139, 249, 494, 275, 210, 105, 240, 488, 393, 181, 0]
Route 26: [0, 109, 116, 152, 91, 283, 507, 556, 591, 549, 0]
Route 27: [0, 465, 219, 1, 84, 395, 439, 454, 129, 46, 169, 93, 0]
Route 28: [0, 204, 29, 589, 292, 174, 25, 41, 578, 433, 216, 486, 467, 70, 0]
Route 29: [0, 205, 315, 519, 112, 448, 39, 555, 266, 409, 8, 0]
Route 30: [0, 71, 61, 399, 380, 337, 579, 27, 581, 14, 451, 21, 0]
Route 31: [0, 173, 166, 202, 260, 574, 307, 132, 548, 499, 106, 0]
Route 32: [0, 111, 560, 510, 258, 167, 34, 294, 62, 74, 153, 87, 0]
Route 33: [0, 386, 357, 554, 343, 263, 541, 325, 198, 432, 176, 374, 265, 0]
Route 34: [0, 587, 440, 22, 94, 95, 359, 149, 398, 234, 0]
Route 35: [0, 309, 547, 203, 480, 522, 563, 89, 0, 407, 131, 582, 0]
Route 36: [0, 184, 335, 441, 534, 164, 125, 304, 450, 114, 397, 0, 345, 0]
Route 37: [0, 461, 349, 3, 103, 535, 133, 495, 387, 410, 569, 320, 0]
Route 38: [0, 396, 268, 434, 196, 115, 199, 372, 491, 584, 324, 473, 484, 0]
Route 39: [0, 353, 469, 144, 257, 498, 449, 514, 443, 171, 295, 0]
Route 40: [0, 28, 523, 501, 420, 571, 442, 4, 121, 229, 476, 60, 0]
Route 41: [0, 588, 400, 351, 527, 49, 26, 341, 220, 269, 300, 0]
Route 42: [0, 297, 259, 101, 378, 375, 437, 435, 168, 365, 0]
Route 43: [0, 13, 360, 492, 592, 193, 568, 452, 329, 284, 421, 228, 0]
Route 44: [0, 88, 346, 285, 58, 293, 215, 436, 113, 517, 178, 0]
Route 45: [0, 487, 212, 170, 65, 15, 333, 382, 24, 419, 221, 0]
Route 46: [0, 557, 44, 262, 446, 128, 213, 12, 290, 456, 327, 0]
Route 47: [0, 287, 288, 489, 136, 539, 135, 485, 428, 472, 11, 597, 0]
Route 48: [0, 86, 490, 68, 593, 30, 464, 340, 251, 270, 413, 96, 0]
Route 49: [0, 322, 267, 551, 355, 206, 286, 406, 255, 159, 48, 323, 0]
Route 50: [0, 233, 376, 500, 416, 208, 92, 390, 118, 511, 59, 0]
Route 51: [0, 521, 590, 117, 35, 373, 165, 66, 64, 0]
Route 52: [0, 414, 370, 183, 347, 273, 209, 302, 311, 405, 543, 185, 0]
Route 53: [0, 119, 192, 217, 248, 79, 328, 97, 505, 279, 411, 0]
Route 54: [0, 336, 230, 237, 509, 388, 299, 122, 447, 187, 0]
Route 55: [0, 518, 595, 104, 417, 175, 222, 516, 368, 404, 194, 179, 0]
Route 56: [0, 276, 559, 504, 245, 364, 156, 512, 538, 0]
