Route 1: [0, 482, 310, 565, 292, 174, 25, 41, 578, 433, 216, 486, 168, 0]
Route 2: [0, 119, 405, 192, 217, 248, 79, 328, 97, 311, 279, 179, 0]
Route 3: [0, 352, 57, 147, 73, 478, 151, 141, 555, 266, 124, 356, 583, 0]
Route 4: [0, 287, 288, 489, 136, 539, 135, 485, 428, 32, 528, 225, 0]
Route 5: [0, 353, 469, 144, 449, 513, 498, 326, 274, 134, 171, 194, 0]
Route 6: [0, 536, 444, 371, 573, 243, 305, 366, 339, 553, 544, 296, 0]
Route 7: [0, 51, 150, 16, 453, 115, 199, 411, 302, 54, 430, 423, 0]
Route 8: [0, 336, 230, 237, 509, 388, 299, 406, 447, 83, 153, 0]
Route 9: [0, 465, 52, 357, 554, 343, 263, 541, 12, 552, 277, 280, 0]
Route 10: [0, 20, 540, 542, 596, 471, 201, 122, 382, 255, 24, 472, 0]
Route 11: [0, 569, 246, 232, 441, 534, 164, 125, 304, 387, 410, 451, 0]
Route 12: [0, 204, 29, 589, 140, 526, 78, 231, 281, 314, 114, 70, 397, 0]
Route 13: [0, 414, 370, 87, 72, 481, 272, 466, 394, 126, 80, 102, 0]
Route 14: [0, 521, 590, 117, 527, 35, 373, 165, 93, 46, 0]
Route 15: [0, 148, 524, 203, 480, 522, 273, 283, 514, 443, 0]
Route 16: [0, 587, 440, 413, 5, 53, 448, 160, 110, 317, 265, 0]
Route 17: [0, 309, 547, 211, 556, 347, 563, 89, 473, 549, 584, 0]
Route 18: [0, 531, 69, 533, 374, 128, 446, 176, 359, 409, 8, 0]
Route 19: [0, 532, 268, 434, 196, 257, 67, 460, 372, 491, 396, 295, 0]
Route 20: [0, 461, 349, 3, 103, 264, 535, 133, 495, 123, 335, 455, 467, 0]
Route 21: [0, 322, 267, 551, 355, 206, 286, 106, 319, 424, 11, 0]
Route 22: [0, 9, 31, 63, 537, 383, 149, 39, 530, 567, 270, 0]
Route 23: [0, 594, 291, 575, 239, 418, 208, 92, 214, 100, 502, 0]
Route 24: [0, 577, 344, 142, 457, 226, 298, 27, 581, 398, 234, 0]
Route 25: [0, 155, 580, 45, 463, 412, 342, 415, 40, 525, 0, 334, 0]
Route 26: [0, 88, 300, 346, 285, 58, 293, 215, 436, 66, 64, 0]
Route 27: [0, 90, 391, 572, 19, 393, 568, 452, 329, 118, 0]
Route 28: [0, 546, 191, 261, 380, 337, 96, 362, 37, 242, 0]
Route 29: [0, 518, 595, 104, 98, 241, 236, 227, 185, 43, 0]
Route 30: [0, 28, 523, 501, 420, 571, 442, 138, 4, 496, 368, 404, 0]
Route 31: [0, 111, 560, 510, 258, 167, 557, 566, 56, 529, 0]
Route 32: [0, 86, 490, 68, 593, 30, 331, 332, 506, 62, 113, 0]
Route 33: [0, 600, 367, 250, 21, 99, 320, 579, 252, 450, 0]
Route 34: [0, 76, 360, 492, 384, 517, 354, 23, 178, 390, 0]
Route 35: [0, 330, 47, 247, 60, 417, 175, 222, 516, 218, 0]
Route 36: [0, 59, 13, 338, 308, 181, 425, 340, 251, 223, 284, 0]
Route 37: [0, 224, 303, 399, 256, 55, 38, 34, 345, 0]
Route 38: [0, 131, 61, 71, 582, 468, 348, 77, 238, 576, 316, 0]
Route 39: [0, 154, 475, 358, 50, 36, 474, 163, 146, 188, 0]
Route 40: [0, 598, 158, 75, 282, 127, 33, 562, 289, 476, 229, 0]
Route 41: [0, 221, 18, 120, 244, 197, 464, 290, 198, 432, 81, 0]
Route 42: [0, 479, 44, 262, 190, 130, 213, 95, 401, 145, 407, 0]
Route 43: [0, 386, 6, 385, 22, 94, 483, 403, 325, 369, 585, 0]
Route 44: [0, 157, 306, 327, 456, 462, 438, 182, 161, 108, 0]
Route 45: [0, 7, 278, 427, 477, 599, 318, 0]
Route 46: [0, 109, 493, 408, 363, 324, 209, 507, 121, 180, 0]
Route 47: [0, 107, 586, 431, 253, 172, 377, 271, 156, 484, 0]
Route 48: [0, 42, 205, 315, 519, 112, 2, 14, 365, 0]
Route 49: [0, 564, 321, 183, 591, 508, 445, 389, 186, 0]
Route 50: [0, 173, 500, 421, 381, 350, 392, 312, 137, 235, 511, 0]
Route 51: [0, 10, 166, 202, 189, 416, 228, 17, 177, 548, 499, 0]
Route 52: [0, 458, 379, 459, 545, 207, 323, 48, 561, 159, 503, 0]
Route 53: [0, 210, 497, 139, 275, 494, 249, 82, 105, 240, 488, 520, 0]
Route 54: [0, 233, 376, 592, 193, 260, 333, 294, 597, 313, 419, 0]
Route 55: [0, 487, 212, 170, 65, 15, 74, 574, 307, 132, 187, 0]
Route 56: [0, 297, 259, 101, 378, 91, 505, 437, 435, 0]
Route 57: [0, 538, 116, 152, 512, 162, 375, 550, 543, 0]
Route 58: [0, 184, 254, 361, 402, 470, 558, 515, 200, 570, 0]
Route 59: [0, 426, 219, 1, 84, 395, 439, 454, 129, 85, 0]
Route 60: [0, 588, 400, 351, 49, 169, 26, 341, 220, 269, 0]
Route 61: [0, 276, 429, 143, 559, 301, 245, 364, 504, 195, 422, 0]
