Route 1: [0, 88, 436, 215, 300, 58, 285, 346, 293, 66, 64, 0, 282, 75, 598, 0]
Route 2: [0, 276, 429, 143, 559, 301, 245, 364, 504, 195, 422, 430, 0, 340, 0]
Route 3: [0, 90, 360, 23, 384, 517, 354, 178, 452, 390, 197, 0, 529, 562, 33, 56, 0]
Route 4: [0, 51, 150, 16, 453, 115, 199, 411, 514, 443, 274, 498, 134, 0]
Route 5: [0, 352, 57, 147, 73, 478, 151, 555, 266, 124, 141, 356, 583, 0]
Route 6: [0, 336, 406, 237, 509, 388, 299, 159, 503, 201, 11, 0, 188, 474, 0]
Route 7: [0, 465, 52, 357, 554, 343, 198, 325, 541, 263, 432, 81, 12, 130, 0]
Route 8: [0, 308, 595, 185, 445, 227, 236, 241, 291, 100, 338, 0, 475, 50, 36, 0]
Route 9: [0, 487, 212, 170, 65, 15, 74, 574, 307, 132, 83, 153, 0, 345, 0]
Route 10: [0, 287, 288, 489, 136, 539, 135, 485, 428, 32, 528, 225, 0, 59, 0]
Route 11: [0, 396, 268, 434, 196, 257, 67, 460, 372, 491, 584, 295, 121, 0, 316, 0]
Route 12: [0, 386, 6, 385, 22, 94, 95, 401, 161, 145, 369, 585, 278, 0]
Route 13: [0, 322, 267, 551, 206, 319, 424, 548, 499, 106, 286, 355, 0]
Route 14: [0, 587, 440, 413, 5, 53, 448, 39, 530, 567, 270, 315, 0, 221, 0]
Route 15: [0, 87, 370, 414, 72, 481, 272, 466, 394, 126, 80, 102, 423, 43, 0]
Route 16: [0, 20, 540, 542, 596, 471, 122, 382, 187, 230, 255, 24, 472, 0]
Route 17: [0, 358, 158, 127, 163, 146, 365, 581, 142, 344, 577, 420, 0]
Route 18: [0, 157, 306, 327, 456, 462, 438, 7, 427, 599, 160, 149, 0]
Route 19: [0, 112, 205, 519, 42, 2, 226, 27, 451, 0, 579, 320, 250, 252, 0]
Route 20: [0, 588, 400, 351, 269, 220, 341, 49, 169, 26, 35, 0, 10, 166, 0]
Route 21: [0, 538, 116, 152, 512, 543, 162, 375, 363, 550, 0, 568, 393, 0]
Route 22: [0, 210, 497, 139, 82, 494, 249, 275, 105, 240, 488, 520, 0]
Route 23: [0, 155, 580, 45, 463, 412, 342, 415, 40, 525, 0, 13, 189, 202, 0]
Route 24: [0, 533, 374, 128, 446, 176, 359, 44, 479, 190, 290, 552, 280, 0]
Route 25: [0, 120, 244, 464, 77, 238, 576, 331, 597, 313, 223, 593, 0]
Route 26: [0, 531, 8, 262, 277, 213, 110, 317, 69, 409, 407, 0, 582, 71, 0]
Route 27: [0, 25, 589, 292, 174, 41, 578, 433, 216, 486, 29, 204, 125, 0]
Route 28: [0, 305, 573, 371, 444, 536, 544, 553, 339, 243, 366, 353, 532, 0]
Route 29: [0, 119, 405, 192, 328, 97, 79, 279, 311, 297, 217, 248, 347, 0]
Route 30: [0, 298, 14, 457, 246, 232, 534, 304, 164, 387, 441, 569, 70, 0]
Route 31: [0, 9, 31, 383, 537, 483, 182, 403, 108, 265, 63, 318, 0]
Route 32: [0, 332, 506, 348, 468, 38, 34, 251, 68, 30, 419, 490, 86, 0]
Route 33: [0, 89, 493, 408, 253, 172, 377, 271, 228, 0, 284, 118, 329, 0]
Route 34: [0, 523, 501, 4, 138, 571, 442, 496, 368, 404, 180, 28, 179, 0, 154, 0]
Route 35: [0, 235, 218, 247, 60, 417, 47, 175, 516, 229, 222, 476, 194, 330, 0]
Route 36: [0, 219, 426, 477, 1, 84, 395, 439, 454, 129, 46, 0]
Route 37: [0, 148, 524, 203, 480, 522, 273, 283, 54, 549, 0, 173, 137, 511, 0]
Route 38: [0, 391, 572, 19, 592, 193, 260, 333, 294, 62, 113, 0, 18, 0]
Route 39: [0, 482, 335, 455, 231, 78, 526, 310, 314, 140, 565, 281, 570, 0]
Route 40: [0, 309, 211, 556, 302, 591, 183, 431, 586, 156, 107, 321, 564, 0]
Route 41: [0, 93, 373, 527, 521, 117, 590, 165, 85, 0, 381, 350, 392, 0]
Route 42: [0, 76, 181, 208, 418, 239, 575, 92, 214, 502, 389, 594, 186, 492, 0]
Route 43: [0, 484, 473, 563, 324, 209, 326, 449, 144, 469, 0]
Route 44: [0, 184, 254, 361, 402, 470, 558, 515, 200, 123, 467, 410, 0]
Route 45: [0, 507, 259, 101, 378, 91, 505, 437, 435, 0]
Route 46: [0, 379, 48, 561, 447, 312, 508, 547, 171, 513, 0]
Route 47: [0, 600, 367, 21, 99, 289, 459, 545, 207, 323, 458, 0]
Route 48: [0, 233, 376, 500, 421, 416, 109, 17, 177, 104, 98, 518, 425, 0, 334, 0]
Route 49: [0, 111, 560, 510, 258, 167, 557, 566, 256, 55, 303, 399, 0, 131, 61, 224, 0]
Route 50: [0, 461, 349, 103, 264, 535, 133, 495, 450, 114, 168, 3, 397, 296, 0]
Route 51: [0, 546, 261, 191, 337, 96, 362, 37, 242, 398, 380, 234, 0]
