Route 1: [0, 386, 385, 6, 438, 462, 94, 95, 401, 161, 145, 369, 0]
Route 2: [0, 7, 22, 278, 427, 477, 599, 483, 182, 403, 108, 585, 0]
Route 3: [0, 297, 259, 101, 378, 91, 505, 437, 435, 0, 334, 234, 0]
Route 4: [0, 210, 497, 139, 275, 494, 249, 82, 105, 240, 488, 520, 0]
Route 5: [0, 184, 254, 361, 402, 470, 558, 515, 200, 123, 335, 455, 0]
Route 6: [0, 357, 426, 219, 1, 84, 395, 439, 454, 129, 46, 85, 0]
Route 7: [0, 590, 588, 400, 351, 49, 169, 26, 341, 220, 269, 0, 419, 0]
Route 8: [0, 276, 429, 143, 559, 301, 245, 364, 504, 195, 422, 430, 0]
Route 9: [0, 119, 493, 408, 363, 172, 550, 377, 271, 484, 194, 0]
Route 10: [0, 232, 204, 29, 589, 292, 174, 25, 41, 578, 433, 216, 486, 467, 0]
Route 11: [0, 203, 480, 405, 192, 217, 248, 79, 328, 97, 311, 279, 0]
Route 12: [0, 57, 147, 73, 478, 151, 555, 266, 141, 124, 567, 356, 583, 0]
Route 13: [0, 487, 212, 170, 65, 15, 74, 574, 307, 132, 83, 153, 0]
Route 14: [0, 19, 542, 288, 489, 136, 539, 485, 428, 32, 528, 225, 11, 0]
Route 15: [0, 353, 469, 144, 449, 513, 498, 326, 274, 134, 368, 0]
Route 16: [0, 536, 444, 371, 573, 243, 305, 366, 339, 553, 544, 70, 168, 0]
Route 17: [0, 51, 150, 16, 453, 115, 199, 411, 514, 443, 171, 584, 396, 0]
Route 18: [0, 540, 336, 230, 237, 509, 388, 299, 406, 447, 187, 0, 186, 0]
Route 19: [0, 42, 205, 352, 315, 519, 112, 2, 39, 270, 0, 179, 0]
Route 20: [0, 580, 287, 117, 521, 527, 35, 373, 165, 93, 280, 0]
Route 21: [0, 3, 482, 565, 310, 140, 526, 78, 231, 281, 314, 570, 397, 296, 0]
Route 22: [0, 414, 370, 87, 72, 481, 272, 466, 394, 126, 80, 102, 423, 43, 0]
Route 23: [0, 465, 52, 554, 343, 263, 290, 12, 432, 325, 198, 81, 0]
Route 24: [0, 569, 246, 441, 534, 164, 125, 304, 387, 410, 365, 451, 0]
Route 25: [0, 148, 524, 522, 273, 283, 347, 507, 209, 302, 54, 0]
Route 26: [0, 587, 440, 413, 5, 53, 448, 530, 362, 37, 318, 0]
Route 27: [0, 322, 267, 551, 355, 206, 286, 106, 319, 424, 548, 499, 0]
Route 28: [0, 479, 262, 190, 130, 213, 176, 446, 160, 359, 409, 8, 407, 0]
Route 29: [0, 532, 268, 434, 196, 257, 67, 460, 372, 491, 295, 404, 0]
Route 30: [0, 107, 586, 431, 591, 183, 324, 563, 89, 473, 156, 549, 0]
Route 31: [0, 461, 349, 103, 264, 535, 133, 495, 450, 114, 242, 398, 0]
Route 32: [0, 69, 44, 128, 533, 374, 383, 149, 110, 317, 265, 180, 0]
Route 33: [0, 531, 537, 63, 31, 96, 557, 566, 576, 284, 511, 0]
Route 34: [0, 309, 547, 211, 556, 508, 350, 392, 312, 218, 235, 0]
Route 35: [0, 518, 594, 291, 575, 239, 418, 208, 92, 214, 100, 502, 389, 0]
Route 36: [0, 9, 191, 261, 546, 380, 337, 77, 238, 66, 64, 0]
Route 37: [0, 600, 577, 344, 142, 457, 226, 298, 14, 27, 581, 0]
Route 38: [0, 61, 88, 300, 346, 285, 58, 293, 215, 436, 525, 472, 0]
Route 39: [0, 492, 391, 572, 592, 193, 260, 333, 294, 62, 113, 0]
Route 40: [0, 109, 321, 595, 104, 98, 241, 236, 227, 185, 445, 0]
Route 41: [0, 28, 523, 501, 420, 571, 442, 496, 138, 4, 121, 229, 476, 0]
Route 42: [0, 111, 560, 510, 258, 167, 55, 38, 34, 178, 390, 0]
Route 43: [0, 564, 381, 500, 376, 421, 416, 228, 17, 137, 177, 0]
Route 44: [0, 367, 250, 21, 99, 320, 579, 252, 289, 251, 0]
Route 45: [0, 221, 86, 68, 30, 593, 23, 331, 332, 506, 597, 223, 0]
Route 46: [0, 10, 166, 393, 517, 384, 354, 568, 452, 0, 345, 0]
Route 47: [0, 173, 330, 47, 247, 60, 417, 175, 222, 516, 0]
Route 48: [0, 90, 360, 181, 233, 202, 189, 425, 340, 552, 277, 0]
Route 49: [0, 18, 13, 76, 338, 308, 244, 197, 464, 255, 159, 503, 0]
Route 50: [0, 224, 303, 399, 256, 582, 468, 348, 56, 529, 316, 0]
Route 51: [0, 598, 75, 158, 127, 282, 163, 474, 146, 118, 329, 0]
Route 52: [0, 59, 120, 71, 131, 50, 36, 33, 562, 188, 0]
Route 53: [0, 475, 358, 154, 459, 545, 207, 323, 48, 561, 0]
Route 54: [0, 490, 20, 379, 458, 596, 471, 201, 122, 382, 24, 0]
Route 55: [0, 155, 45, 463, 412, 135, 40, 342, 415, 313, 0]
Route 56: [0, 327, 456, 306, 157, 541, 0]
Route 57: [0, 538, 253, 116, 152, 512, 162, 375, 543, 0]
