Route 1: [0, 157, 306, 327, 456, 462, 438, 94, 95, 401, 145, 369, 0]
Route 2: [0, 7, 278, 386, 6, 385, 22, 161, 585, 182, 403, 108, 234, 0]
Route 3: [0, 465, 357, 427, 477, 599, 483, 325, 541, 198, 277, 432, 81, 0]
Route 4: [0, 363, 538, 116, 152, 512, 162, 375, 543, 550, 0, 511, 0]
Route 5: [0, 458, 379, 459, 545, 207, 323, 48, 561, 503, 382, 24, 0]
Route 6: [0, 184, 254, 361, 402, 470, 558, 515, 200, 123, 335, 455, 0]
Route 7: [0, 554, 426, 219, 1, 84, 395, 439, 454, 129, 46, 85, 223, 0]
Route 8: [0, 590, 588, 400, 351, 49, 169, 26, 341, 220, 269, 0, 186, 0]
Route 9: [0, 276, 429, 143, 559, 301, 245, 364, 504, 195, 422, 430, 0]
Route 10: [0, 3, 589, 204, 29, 292, 174, 25, 41, 578, 433, 216, 486, 467, 0]
Route 11: [0, 352, 57, 147, 73, 478, 151, 555, 266, 141, 124, 356, 583, 0]
Route 12: [0, 203, 119, 405, 192, 217, 248, 79, 328, 97, 279, 584, 396, 0]
Route 13: [0, 497, 210, 299, 509, 122, 237, 406, 447, 187, 255, 472, 0]
Route 14: [0, 287, 288, 489, 136, 539, 135, 485, 428, 32, 528, 225, 419, 0]
Route 15: [0, 353, 469, 144, 449, 274, 326, 513, 498, 134, 544, 0, 180, 0]
Route 16: [0, 536, 444, 371, 573, 243, 305, 366, 339, 553, 570, 168, 397, 0]
Route 17: [0, 309, 453, 51, 150, 16, 115, 199, 411, 514, 443, 171, 0]
Route 18: [0, 540, 542, 596, 471, 201, 388, 83, 574, 319, 424, 548, 0]
Route 19: [0, 482, 565, 310, 140, 526, 78, 231, 281, 314, 387, 410, 0]
Route 20: [0, 291, 370, 414, 72, 87, 481, 272, 466, 394, 126, 80, 102, 0]
Route 21: [0, 262, 190, 130, 213, 12, 52, 343, 263, 290, 552, 280, 8, 0]
Route 22: [0, 20, 336, 230, 322, 206, 286, 106, 499, 214, 100, 423, 0]
Route 23: [0, 569, 246, 232, 441, 534, 164, 304, 125, 495, 450, 114, 70, 0]
Route 24: [0, 346, 521, 117, 527, 35, 373, 165, 93, 436, 0, 476, 194, 0]
Route 25: [0, 5, 315, 519, 42, 205, 112, 2, 530, 0, 235, 0]
Route 26: [0, 587, 440, 413, 53, 448, 39, 567, 160, 110, 317, 265, 0, 179, 0]
Route 27: [0, 431, 183, 347, 283, 273, 522, 148, 507, 302, 54, 121, 0]
Route 28: [0, 479, 44, 374, 128, 446, 533, 383, 176, 359, 409, 407, 0]
Route 29: [0, 532, 268, 434, 196, 257, 67, 460, 372, 491, 549, 484, 0]
Route 30: [0, 166, 107, 586, 89, 473, 563, 324, 209, 227, 445, 0, 296, 0]
Route 31: [0, 461, 349, 103, 264, 535, 133, 298, 365, 581, 27, 451, 0]
Route 32: [0, 531, 69, 537, 63, 9, 31, 149, 362, 37, 318, 270, 0]
Route 33: [0, 547, 211, 556, 591, 236, 241, 185, 92, 294, 113, 0]
Route 34: [0, 338, 384, 267, 551, 355, 193, 260, 333, 62, 329, 0, 64, 0]
Route 35: [0, 233, 594, 575, 239, 418, 208, 517, 354, 178, 452, 284, 118, 0]
Route 36: [0, 155, 580, 45, 463, 412, 342, 415, 40, 506, 0, 368, 404, 0]
Route 37: [0, 111, 88, 300, 58, 285, 293, 215, 66, 525, 159, 11, 0]
Route 38: [0, 261, 546, 344, 577, 142, 457, 226, 14, 252, 289, 316, 0, 334, 0]
Route 39: [0, 391, 572, 19, 592, 492, 23, 360, 332, 390, 502, 389, 0]
Route 40: [0, 510, 258, 557, 380, 191, 337, 96, 566, 56, 529, 345, 0]
Route 41: [0, 376, 518, 98, 104, 595, 500, 508, 312, 392, 218, 177, 0]
Route 42: [0, 28, 523, 501, 420, 571, 442, 496, 138, 4, 229, 516, 295, 0]
Route 43: [0, 224, 256, 560, 167, 21, 99, 320, 579, 597, 313, 0]
Route 44: [0, 109, 564, 350, 381, 321, 421, 416, 17, 137, 156, 43, 0]
Route 45: [0, 86, 490, 68, 331, 30, 593, 393, 568, 238, 576, 0]
Route 46: [0, 330, 60, 247, 47, 417, 175, 222, 146, 188, 0]
Route 47: [0, 158, 75, 282, 250, 367, 600, 474, 163, 398, 0]
Route 48: [0, 18, 13, 90, 76, 181, 308, 425, 228, 437, 435, 0]
Route 49: [0, 173, 10, 202, 221, 59, 468, 348, 77, 105, 488, 153, 0]
Route 50: [0, 131, 71, 582, 61, 34, 38, 55, 33, 562, 242, 0]
Route 51: [0, 303, 399, 127, 598, 36, 50, 340, 464, 251, 0]
Route 52: [0, 154, 358, 475, 120, 244, 197, 494, 249, 82, 240, 520, 0]
Route 53: [0, 524, 480, 259, 101, 378, 91, 505, 297, 311, 0]
Route 54: [0, 487, 65, 139, 275, 15, 170, 212, 74, 307, 132, 0]
Route 55: [0, 189, 493, 408, 253, 172, 377, 271, 0]
