Route 1: [0, 173, 10, 166, 202, 189, 425, 228, 17, 137, 177, 118, 0]
Route 2: [0, 233, 376, 500, 421, 416, 393, 568, 390, 597, 313, 419, 0]
Route 3: [0, 20, 542, 540, 509, 388, 447, 406, 83, 132, 153, 0]
Route 4: [0, 391, 572, 19, 592, 193, 260, 333, 178, 329, 235, 0]
Route 5: [0, 569, 246, 232, 441, 534, 164, 231, 281, 314, 455, 486, 467, 0]
Route 6: [0, 322, 267, 355, 551, 206, 286, 106, 319, 307, 520, 488, 0]
Route 7: [0, 155, 580, 45, 463, 412, 342, 415, 40, 525, 0, 70, 168, 0]
Route 8: [0, 154, 475, 358, 50, 36, 474, 163, 188, 56, 316, 0]
Route 9: [0, 276, 429, 143, 559, 301, 245, 364, 504, 126, 80, 43, 0]
Route 10: [0, 13, 76, 338, 308, 181, 418, 208, 92, 214, 100, 502, 389, 0]
Route 11: [0, 536, 444, 371, 573, 243, 305, 366, 339, 553, 570, 397, 296, 0]
Route 12: [0, 148, 203, 480, 522, 217, 248, 79, 328, 97, 171, 0]
Route 13: [0, 184, 254, 361, 402, 526, 78, 41, 578, 433, 216, 0]
Route 14: [0, 524, 405, 192, 183, 347, 591, 209, 302, 54, 549, 186, 0]
Route 15: [0, 204, 29, 589, 292, 174, 25, 125, 304, 387, 410, 0]
Route 16: [0, 88, 300, 346, 285, 58, 293, 215, 436, 66, 64, 0]
Route 17: [0, 287, 288, 489, 539, 136, 373, 165, 93, 225, 528, 11, 0]
Route 18: [0, 291, 414, 370, 87, 72, 481, 272, 466, 424, 548, 0]
Route 19: [0, 309, 431, 586, 98, 324, 377, 271, 195, 422, 0]
Route 20: [0, 353, 469, 144, 449, 513, 498, 326, 274, 134, 544, 0]
Route 21: [0, 538, 116, 253, 363, 375, 162, 543, 156, 484, 0]
Route 22: [0, 297, 259, 101, 378, 91, 283, 507, 404, 180, 0]
Route 23: [0, 352, 57, 315, 519, 112, 2, 37, 318, 567, 270, 0]
Route 24: [0, 595, 104, 107, 550, 172, 505, 437, 435, 430, 0]
Route 25: [0, 588, 400, 351, 49, 26, 135, 485, 428, 32, 0]
Route 26: [0, 482, 565, 140, 310, 470, 558, 515, 200, 123, 335, 0]
Route 27: [0, 51, 150, 16, 453, 115, 199, 411, 514, 443, 0]
Route 28: [0, 458, 379, 459, 545, 207, 323, 48, 382, 255, 24, 472, 0]
Route 29: [0, 212, 210, 497, 139, 275, 494, 249, 82, 105, 240, 0]
Route 30: [0, 487, 170, 65, 15, 74, 574, 299, 561, 159, 503, 0]
Route 31: [0, 90, 360, 492, 384, 517, 23, 354, 394, 102, 423, 0]
Route 32: [0, 521, 590, 117, 527, 35, 169, 341, 220, 269, 0]
Route 33: [0, 426, 219, 1, 84, 395, 439, 454, 129, 46, 85, 280, 0]
Route 34: [0, 547, 119, 211, 556, 273, 563, 89, 473, 311, 279, 0]
Route 35: [0, 44, 157, 306, 327, 456, 462, 438, 325, 198, 81, 0]
Route 36: [0, 465, 52, 357, 554, 343, 541, 263, 359, 317, 356, 583, 0]
Route 37: [0, 7, 386, 6, 385, 22, 94, 95, 432, 277, 407, 0]
Route 38: [0, 479, 262, 278, 427, 477, 599, 483, 401, 161, 145, 369, 0]
Route 39: [0, 59, 221, 18, 120, 244, 197, 464, 340, 251, 345, 0]
Route 40: [0, 546, 191, 261, 380, 337, 96, 362, 160, 110, 265, 334, 0]
Route 41: [0, 111, 560, 510, 258, 167, 557, 149, 182, 403, 108, 585, 0]
Route 42: [0, 86, 490, 68, 593, 30, 331, 332, 506, 294, 113, 0]
Route 43: [0, 131, 61, 71, 582, 468, 348, 77, 566, 223, 284, 0]
Route 44: [0, 224, 303, 399, 256, 55, 38, 34, 576, 238, 0, 242, 398, 0]
Route 45: [0, 518, 594, 575, 239, 241, 236, 227, 185, 445, 511, 0]
Route 46: [0, 598, 158, 75, 282, 127, 562, 33, 289, 252, 365, 114, 0]
Route 47: [0, 577, 344, 142, 457, 226, 298, 14, 27, 581, 451, 0]
Route 48: [0, 230, 237, 336, 596, 471, 201, 122, 187, 62, 0]
Route 49: [0, 109, 564, 321, 381, 350, 508, 392, 312, 218, 179, 0]
Route 50: [0, 493, 408, 152, 512, 452, 0]
Route 51: [0, 600, 367, 250, 21, 99, 320, 579, 146, 194, 0]
Route 52: [0, 532, 268, 434, 196, 257, 67, 460, 372, 491, 584, 476, 0]
Route 53: [0, 28, 523, 501, 420, 571, 442, 138, 4, 496, 368, 295, 396, 0]
Route 54: [0, 330, 47, 247, 60, 417, 175, 222, 516, 121, 229, 0]
Route 55: [0, 587, 440, 413, 5, 53, 448, 39, 530, 555, 266, 124, 0]
Route 56: [0, 42, 205, 147, 73, 478, 151, 141, 529, 0]
Route 57: [0, 531, 69, 533, 374, 190, 130, 213, 12, 290, 552, 8, 234, 0]
Route 58: [0, 9, 63, 31, 383, 537, 128, 446, 176, 409, 499, 0]
Route 59: [0, 461, 349, 3, 103, 264, 535, 133, 495, 450, 0]
