Route 1: [0, 25, 222, 256, 146, 73, 163, 349, 97, 60, 272, 122, 360, 186, 350, 141, 386, 201, 32, 285, 123, 13, 248, 230, 244, 328, 265, 366, 257, 288, 320, 138, 294, 371, 238, 0]
Route 2: [0, 49, 62, 323, 64, 20, 84, 387, 23, 9, 348, 149, 374, 165, 300, 39, 395, 143, 232, 184, 319, 308, 336, 217, 393, 301, 66, 98, 246, 363, 176, 242, 396, 174, 27, 162, 0]
Route 3: [0, 75, 99, 262, 124, 177, 133, 119, 359, 101, 297, 28, 351, 155, 29, 205, 36, 311, 179, 291, 135, 134, 343, 312, 118, 130, 52, 270, 6, 247, 40, 164, 109, 195, 0]
Route 4: [0, 137, 372, 1, 203, 67, 53, 274, 354, 18, 293, 182, 140, 250, 120, 309, 304, 384, 46, 173, 4, 228, 220, 91, 400, 342, 79, 96, 221, 33, 282, 187, 382, 317, 233, 0]
Route 5: [0, 216, 37, 35, 127, 356, 315, 14, 298, 287, 227, 180, 263, 83, 295, 169, 102, 77, 132, 199, 24, 338, 3, 330, 392, 115, 38, 364, 16, 340, 266, 88, 72, 76, 255, 150, 0]
Route 6: [0, 51, 239, 211, 355, 292, 333, 188, 171, 152, 210, 185, 339, 375, 397, 251, 12, 68, 279, 316, 322, 42, 8, 231, 305, 381, 280, 234, 243, 71, 61, 286, 390, 131, 383, 324, 0]
Route 7: [0, 166, 192, 175, 105, 110, 377, 346, 128, 156, 50, 198, 157, 202, 142, 113, 206, 95, 327, 5, 223, 78, 10, 168, 334, 394, 45, 55, 111, 81, 347, 204, 82, 89, 219, 245, 0]
Route 8: [0, 276, 225, 367, 290, 235, 345, 104, 224, 353, 264, 139, 190, 194, 278, 54, 57, 268, 196, 306, 214, 385, 399, 136, 153, 207, 303, 30, 376, 145, 326, 368, 344, 318, 337, 19, 15, 0]
Route 9: [0, 252, 147, 341, 86, 329, 269, 335, 271, 388, 69, 249, 197, 398, 373, 241, 208, 11, 209, 148, 116, 41, 258, 63, 107, 43, 85, 277, 332, 90, 56, 126, 48, 93, 70, 361, 0]
Route 10: [0, 325, 21, 240, 154, 189, 357, 275, 2, 7, 284, 212, 151, 283, 34, 260, 237, 352, 200, 87, 80, 267, 281, 273, 261, 310, 158, 226, 229, 161, 215, 370, 100, 22, 307, 259, 0]
Route 11: [0, 213, 391, 170, 144, 191, 362, 129, 313, 302, 167, 114, 369, 94, 112, 44, 159, 125, 193, 108, 183, 17, 65, 47, 380, 160, 289, 121, 181, 74, 365, 378, 106, 331, 103, 117, 296, 0]
Route 12: [0, 31, 218, 321, 236, 358, 253, 254, 178, 172, 379, 389, 58, 26, 299, 59, 92, 314, 0]
