Route 1: [0, 84, 166, 20, 387, 64, 23, 9, 165, 348, 110, 202, 157, 50, 156, 198, 142, 113, 95, 206, 327, 5, 223, 10, 168, 334, 394, 45, 55, 111, 81, 56, 126, 82, 242, 0]
Route 2: [0, 49, 239, 211, 62, 89, 292, 333, 188, 171, 152, 210, 51, 184, 185, 339, 375, 397, 251, 68, 279, 316, 322, 42, 231, 8, 393, 66, 301, 109, 6, 247, 40, 70, 0]
Route 3: [0, 75, 324, 262, 133, 119, 137, 1, 203, 345, 287, 227, 180, 263, 298, 83, 295, 169, 14, 304, 384, 46, 173, 102, 220, 91, 400, 342, 79, 364, 38, 88, 92, 72, 266, 255, 0]
Route 4: [0, 162, 213, 391, 15, 218, 174, 27, 22, 325, 7, 359, 101, 28, 351, 297, 29, 205, 143, 232, 245, 217, 19, 319, 308, 259, 265, 366, 328, 356, 288, 320, 138, 257, 315, 0]
Route 5: [0, 21, 154, 34, 372, 53, 67, 104, 224, 353, 264, 139, 190, 385, 194, 278, 54, 214, 267, 80, 226, 237, 352, 310, 261, 273, 399, 281, 57, 215, 145, 161, 326, 368, 318, 76, 0]
Route 6: [0, 296, 222, 331, 256, 379, 146, 73, 163, 349, 97, 272, 122, 360, 186, 386, 32, 201, 123, 13, 285, 380, 47, 160, 289, 121, 181, 74, 378, 365, 106, 282, 33, 314, 294, 99, 0]
Route 7: [0, 25, 170, 144, 302, 313, 362, 129, 182, 337, 100, 370, 250, 120, 18, 124, 293, 183, 187, 132, 199, 24, 338, 3, 4, 228, 330, 246, 98, 195, 363, 176, 396, 150, 0]
Route 8: [0, 383, 252, 147, 341, 329, 269, 335, 271, 388, 69, 249, 197, 93, 398, 373, 241, 148, 208, 11, 280, 258, 41, 116, 312, 343, 130, 86, 52, 270, 381, 305, 234, 209, 48, 361, 390, 0]
Route 9: [0, 31, 355, 323, 36, 192, 175, 346, 105, 377, 128, 347, 149, 374, 204, 39, 395, 311, 179, 12, 300, 291, 135, 85, 277, 43, 107, 63, 134, 332, 90, 71, 243, 286, 61, 0]
Route 10: [0, 371, 35, 276, 225, 140, 309, 235, 290, 367, 254, 178, 248, 172, 350, 141, 60, 389, 108, 193, 382, 17, 65, 392, 233, 230, 77, 317, 167, 221, 340, 16, 131, 164, 0]
Route 11: [0, 216, 238, 115, 177, 240, 189, 275, 357, 2, 284, 212, 151, 283, 260, 26, 274, 299, 268, 196, 306, 136, 229, 200, 87, 158, 30, 153, 376, 207, 303, 344, 354, 0]
Route 12: [0, 191, 37, 127, 321, 253, 236, 358, 114, 369, 94, 112, 44, 117, 58, 103, 125, 159, 219, 155, 336, 78, 59, 307, 96, 244, 118, 0]
