Route 1: [0, 372, 53, 1, 203, 67, 104, 224, 353, 264, 139, 190, 385, 194, 278, 54, 196, 268, 214, 267, 229, 399, 136, 281, 273, 261, 153, 207, 30, 57, 376, 161, 368, 344, 318, 354, 0]
Route 2: [0, 62, 89, 36, 323, 64, 387, 20, 84, 23, 9, 348, 149, 374, 204, 165, 39, 395, 311, 179, 300, 291, 135, 134, 63, 107, 43, 85, 277, 332, 90, 126, 56, 82, 242, 396, 0]
Route 3: [0, 31, 49, 239, 211, 355, 292, 333, 51, 188, 171, 152, 210, 339, 185, 397, 375, 251, 12, 68, 279, 316, 322, 42, 231, 8, 305, 381, 209, 234, 243, 286, 61, 176, 0]
Route 4: [0, 325, 240, 21, 137, 337, 177, 133, 119, 140, 18, 293, 182, 124, 250, 120, 274, 26, 299, 306, 59, 19, 319, 308, 307, 259, 92, 38, 364, 16, 88, 266, 72, 76, 150, 0]
Route 5: [0, 213, 166, 192, 175, 105, 110, 377, 346, 128, 347, 156, 50, 198, 157, 202, 142, 113, 206, 95, 327, 5, 223, 10, 168, 334, 394, 45, 55, 111, 81, 71, 48, 361, 390, 0]
Route 6: [0, 222, 331, 256, 379, 146, 73, 163, 349, 97, 60, 272, 122, 360, 186, 350, 141, 386, 201, 32, 285, 123, 13, 47, 380, 160, 289, 121, 181, 74, 365, 378, 106, 0]
Route 7: [0, 296, 170, 144, 191, 362, 129, 313, 302, 114, 369, 94, 112, 117, 44, 159, 125, 58, 183, 187, 24, 382, 17, 65, 330, 392, 167, 265, 366, 96, 221, 282, 131, 164, 0]
Route 8: [0, 383, 252, 147, 341, 329, 269, 335, 271, 388, 69, 249, 197, 93, 398, 373, 241, 208, 148, 11, 280, 258, 116, 41, 312, 343, 118, 130, 86, 52, 270, 6, 247, 40, 70, 109, 0]
Route 9: [0, 37, 276, 225, 367, 290, 235, 309, 345, 298, 287, 227, 180, 263, 83, 295, 169, 14, 304, 384, 46, 173, 102, 220, 228, 328, 91, 400, 342, 79, 315, 257, 320, 138, 0]
Route 10: [0, 324, 25, 371, 35, 127, 321, 236, 358, 253, 254, 178, 248, 172, 389, 103, 108, 193, 132, 199, 338, 3, 4, 77, 230, 244, 233, 314, 317, 33, 356, 288, 294, 0]
Route 11: [0, 216, 238, 115, 262, 154, 34, 189, 275, 2, 359, 101, 28, 351, 297, 29, 205, 143, 232, 184, 245, 219, 155, 336, 217, 393, 301, 66, 195, 98, 246, 363, 255, 0]
Route 12: [0, 75, 162, 391, 15, 218, 174, 22, 357, 370, 100, 7, 284, 212, 151, 283, 352, 260, 237, 200, 87, 226, 80, 78, 310, 158, 303, 145, 215, 326, 340, 99, 0]
Route 13: [0, 27, 0]
