Route 1: [0, 31, 192, 175, 110, 105, 377, 346, 128, 347, 202, 157, 156, 50, 198, 113, 142, 206, 95, 327, 5, 223, 78, 10, 168, 334, 394, 45, 55, 111, 81, 277, 332, 90, 82, 396, 0]
Route 2: [0, 36, 323, 64, 387, 84, 20, 166, 23, 204, 374, 149, 348, 9, 39, 395, 311, 179, 300, 165, 291, 135, 85, 43, 107, 63, 134, 56, 126, 305, 381, 209, 48, 40, 70, 109, 0]
Route 3: [0, 331, 256, 379, 146, 73, 163, 349, 97, 60, 389, 272, 122, 360, 186, 350, 141, 386, 201, 32, 123, 285, 380, 47, 160, 289, 121, 181, 74, 365, 378, 106, 282, 33, 317, 99, 0]
Route 4: [0, 276, 225, 367, 290, 235, 309, 345, 227, 180, 263, 287, 298, 83, 295, 169, 14, 384, 304, 91, 46, 102, 173, 220, 228, 328, 356, 79, 342, 400, 315, 257, 288, 320, 138, 294, 0]
Route 5: [0, 115, 238, 216, 191, 313, 302, 369, 114, 222, 253, 254, 178, 248, 172, 108, 187, 132, 199, 24, 338, 3, 77, 230, 4, 17, 65, 330, 244, 233, 314, 167, 96, 221, 340, 72, 150, 0]
Route 6: [0, 75, 383, 252, 147, 341, 329, 269, 335, 271, 388, 69, 249, 197, 93, 398, 373, 241, 148, 208, 11, 280, 258, 41, 116, 343, 312, 118, 130, 86, 52, 270, 6, 247, 131, 164, 361, 390, 0]
Route 7: [0, 49, 211, 292, 333, 51, 188, 171, 152, 210, 339, 185, 397, 375, 251, 232, 184, 245, 143, 205, 12, 68, 279, 316, 322, 42, 231, 8, 234, 243, 71, 286, 61, 242, 363, 176, 0]
Route 8: [0, 25, 170, 144, 362, 129, 37, 371, 35, 127, 321, 236, 358, 94, 112, 117, 125, 103, 58, 193, 183, 382, 392, 366, 265, 259, 92, 38, 364, 266, 88, 16, 246, 0]
Route 9: [0, 213, 391, 174, 218, 15, 239, 62, 89, 355, 29, 359, 101, 297, 351, 28, 212, 26, 274, 120, 307, 308, 59, 57, 80, 30, 153, 207, 303, 326, 344, 354, 76, 255, 0]
Route 10: [0, 262, 177, 137, 140, 203, 1, 67, 53, 372, 224, 104, 353, 264, 139, 190, 385, 194, 278, 54, 136, 306, 214, 267, 399, 281, 273, 261, 310, 158, 376, 161, 215, 145, 368, 318, 0]
Route 11: [0, 162, 21, 240, 154, 34, 189, 275, 2, 284, 357, 151, 283, 352, 237, 260, 200, 87, 226, 229, 196, 268, 299, 336, 219, 155, 217, 393, 301, 66, 195, 98, 0]
Route 12: [0, 296, 324, 27, 22, 325, 7, 100, 370, 337, 119, 133, 250, 18, 124, 293, 182, 44, 159, 13, 319, 19, 0]
