Route 1: [0, 36, 64, 192, 175, 110, 105, 377, 346, 128, 156, 157, 202, 50, 198, 113, 142, 206, 95, 327, 5, 223, 78, 10, 168, 334, 394, 45, 55, 111, 81, 56, 82, 286, 390, 109, 0]
Route 2: [0, 325, 21, 372, 53, 1, 67, 104, 224, 353, 264, 139, 190, 385, 194, 278, 54, 214, 306, 196, 229, 136, 399, 281, 273, 261, 310, 158, 30, 57, 376, 161, 368, 344, 318, 354, 0]
Route 3: [0, 170, 144, 371, 35, 127, 321, 236, 358, 253, 254, 178, 248, 172, 103, 108, 58, 193, 187, 132, 199, 24, 338, 3, 77, 230, 244, 233, 314, 167, 366, 96, 221, 72, 76, 150, 0]
Route 4: [0, 296, 383, 252, 147, 341, 329, 269, 335, 271, 388, 69, 249, 197, 93, 398, 373, 241, 148, 208, 11, 280, 258, 116, 41, 312, 343, 118, 130, 86, 52, 270, 6, 247, 40, 70, 164, 0]
Route 5: [0, 49, 239, 211, 62, 89, 292, 333, 51, 188, 171, 152, 210, 339, 185, 397, 375, 251, 232, 12, 68, 279, 316, 322, 42, 8, 231, 305, 381, 209, 234, 243, 363, 176, 242, 396, 0]
Route 6: [0, 25, 216, 238, 37, 191, 362, 129, 309, 140, 293, 182, 94, 112, 117, 44, 159, 125, 183, 59, 19, 336, 217, 393, 301, 66, 195, 98, 246, 317, 33, 282, 0]
Route 7: [0, 75, 162, 213, 391, 15, 218, 174, 27, 22, 7, 359, 101, 28, 351, 297, 29, 205, 143, 184, 245, 219, 155, 319, 308, 307, 259, 92, 38, 364, 88, 266, 255, 0]
Route 8: [0, 276, 225, 367, 290, 235, 345, 203, 298, 287, 227, 180, 263, 169, 295, 83, 14, 304, 384, 46, 173, 102, 4, 228, 220, 91, 400, 342, 79, 315, 257, 356, 288, 320, 138, 294, 0]
Route 9: [0, 262, 137, 240, 154, 34, 189, 275, 357, 2, 370, 100, 284, 212, 151, 283, 352, 237, 260, 200, 87, 226, 80, 267, 153, 207, 303, 145, 215, 326, 16, 99, 0]
Route 10: [0, 222, 331, 256, 379, 146, 73, 163, 349, 97, 60, 389, 272, 122, 360, 186, 350, 141, 386, 201, 32, 285, 123, 13, 47, 380, 160, 289, 121, 181, 74, 365, 378, 106, 131, 0]
Route 11: [0, 31, 355, 323, 166, 20, 84, 387, 23, 9, 347, 348, 149, 374, 204, 165, 39, 395, 311, 179, 300, 291, 135, 134, 63, 107, 43, 85, 277, 332, 90, 126, 71, 61, 48, 361, 0]
Route 12: [0, 324, 115, 177, 337, 119, 133, 18, 313, 302, 114, 369, 124, 250, 120, 274, 299, 268, 26, 382, 17, 65, 330, 392, 328, 265, 340, 0]
