Route 1: [0, 137, 372, 53, 1, 67, 104, 224, 353, 264, 139, 190, 385, 194, 278, 54, 306, 299, 268, 196, 214, 267, 273, 261, 310, 158, 30, 153, 207, 303, 161, 215, 145, 344, 318, 396, 150, 0]
Route 2: [0, 162, 391, 325, 21, 240, 189, 154, 34, 275, 370, 2, 357, 212, 151, 283, 352, 260, 237, 200, 87, 226, 80, 229, 281, 399, 136, 57, 376, 326, 266, 255, 246, 98, 176, 109, 390, 0]
Route 3: [0, 239, 211, 355, 323, 89, 292, 333, 51, 188, 171, 152, 210, 339, 185, 375, 397, 251, 12, 68, 279, 316, 322, 42, 231, 8, 234, 305, 381, 209, 48, 243, 286, 70, 40, 361, 0]
Route 4: [0, 324, 296, 216, 115, 177, 337, 133, 119, 287, 298, 227, 180, 263, 83, 295, 169, 14, 304, 384, 46, 173, 102, 4, 228, 220, 91, 400, 342, 79, 315, 257, 368, 354, 320, 138, 0]
Route 5: [0, 25, 170, 144, 191, 302, 313, 362, 129, 182, 293, 140, 18, 124, 250, 120, 274, 26, 59, 155, 336, 19, 319, 308, 259, 307, 92, 38, 364, 16, 106, 282, 167, 242, 0]
Route 6: [0, 383, 252, 147, 341, 329, 269, 335, 271, 388, 69, 249, 197, 93, 398, 373, 241, 208, 148, 11, 280, 258, 41, 116, 343, 312, 118, 130, 301, 270, 86, 52, 6, 247, 131, 164, 0]
Route 7: [0, 49, 62, 36, 175, 110, 377, 9, 387, 23, 192, 348, 149, 374, 204, 165, 39, 395, 311, 179, 300, 291, 135, 134, 63, 107, 43, 85, 277, 332, 90, 126, 56, 82, 71, 61, 0]
Route 8: [0, 75, 31, 84, 64, 166, 20, 347, 128, 346, 105, 202, 156, 50, 198, 157, 142, 113, 206, 95, 327, 5, 223, 78, 10, 168, 334, 394, 45, 55, 111, 81, 88, 99, 76, 72, 0]
Route 9: [0, 222, 331, 256, 379, 146, 73, 163, 349, 97, 60, 186, 360, 122, 389, 272, 350, 141, 386, 201, 123, 32, 380, 47, 160, 289, 314, 244, 328, 356, 288, 96, 221, 340, 0]
Route 10: [0, 238, 37, 35, 276, 127, 321, 236, 358, 253, 254, 178, 248, 172, 132, 103, 125, 58, 193, 187, 199, 338, 3, 24, 17, 233, 230, 77, 121, 181, 74, 365, 378, 33, 317, 294, 0]
Route 11: [0, 262, 225, 367, 290, 235, 203, 345, 309, 371, 114, 369, 94, 112, 117, 44, 159, 13, 285, 108, 183, 382, 65, 330, 392, 366, 265, 363, 66, 195, 0]
Route 12: [0, 213, 15, 218, 174, 27, 22, 100, 7, 284, 359, 101, 28, 351, 297, 29, 205, 143, 232, 219, 245, 184, 393, 217, 0]
