Route 1: [0, 51, 89, 323, 64, 204, 110, 346, 128, 156, 50, 198, 157, 202, 377, 105, 142, 113, 206, 95, 327, 5, 78, 111, 168, 394, 334, 55, 45, 347, 166, 355, 143, 219, 217, 195, 0]
Route 2: [0, 26, 372, 53, 1, 67, 104, 224, 353, 264, 139, 190, 385, 194, 278, 306, 214, 267, 54, 136, 399, 281, 229, 273, 261, 200, 226, 80, 376, 161, 207, 303, 19, 174, 391, 396, 150, 0]
Route 3: [0, 245, 232, 239, 211, 62, 84, 387, 23, 9, 348, 175, 149, 374, 192, 165, 39, 395, 300, 291, 135, 134, 63, 107, 43, 85, 277, 332, 90, 126, 56, 82, 292, 49, 31, 363, 0]
Route 4: [0, 383, 147, 106, 256, 146, 163, 349, 97, 60, 121, 272, 122, 360, 186, 350, 141, 386, 201, 32, 123, 13, 285, 380, 47, 378, 331, 103, 108, 187, 33, 244, 233, 17, 317, 382, 0]
Route 5: [0, 88, 137, 309, 290, 400, 180, 298, 287, 227, 263, 83, 295, 169, 14, 304, 91, 46, 173, 220, 228, 4, 358, 236, 328, 79, 342, 315, 257, 356, 288, 138, 320, 276, 96, 238, 0]
Route 6: [0, 86, 130, 118, 312, 343, 269, 335, 329, 388, 271, 249, 197, 398, 373, 241, 208, 11, 209, 148, 116, 41, 258, 280, 381, 305, 231, 8, 234, 243, 71, 286, 61, 152, 188, 66, 0]
Route 7: [0, 302, 371, 294, 35, 127, 321, 384, 102, 253, 254, 178, 248, 172, 132, 222, 199, 24, 230, 77, 3, 338, 379, 73, 389, 181, 74, 160, 289, 365, 282, 369, 144, 170, 296, 324, 0]
Route 8: [0, 15, 218, 154, 153, 30, 34, 87, 158, 260, 237, 352, 283, 29, 205, 36, 311, 179, 12, 68, 279, 316, 322, 42, 301, 109, 390, 361, 48, 93, 247, 131, 164, 40, 70, 176, 0]
Route 9: [0, 25, 362, 221, 124, 177, 252, 6, 69, 171, 210, 339, 185, 397, 375, 251, 333, 184, 155, 336, 351, 297, 22, 59, 325, 265, 366, 225, 367, 235, 345, 203, 274, 250, 0]
Route 10: [0, 162, 27, 7, 284, 2, 275, 357, 151, 359, 101, 28, 212, 21, 368, 354, 119, 133, 337, 307, 308, 319, 100, 370, 189, 240, 145, 215, 196, 268, 299, 326, 344, 318, 259, 72, 255, 0]
Route 11: [0, 242, 98, 246, 213, 216, 191, 129, 313, 114, 193, 58, 94, 112, 117, 44, 159, 125, 183, 314, 167, 65, 330, 392, 37, 92, 38, 364, 16, 262, 340, 115, 76, 266, 99, 75, 0]
Route 12: [0, 182, 293, 18, 140, 120, 57, 310, 10, 223, 81, 20, 393, 270, 52, 341, 0]
