Route 1: [0, 219, 143, 239, 333, 251, 339, 188, 171, 152, 210, 51, 218, 174, 27, 19, 22, 59, 308, 319, 15, 217, 393, 301, 66, 98, 246, 213, 266, 72, 76, 259, 307, 337, 255, 0]
Route 2: [0, 324, 25, 170, 144, 191, 362, 129, 313, 114, 60, 272, 122, 360, 186, 141, 386, 201, 32, 123, 13, 285, 380, 47, 289, 181, 74, 365, 256, 33, 282, 187, 193, 58, 369, 0]
Route 3: [0, 238, 225, 276, 290, 367, 235, 298, 287, 227, 180, 263, 83, 295, 169, 14, 304, 384, 46, 173, 4, 253, 102, 220, 91, 400, 342, 79, 257, 356, 288, 320, 138, 35, 294, 371, 302, 0]
Route 4: [0, 75, 296, 147, 341, 329, 269, 335, 271, 388, 69, 249, 197, 398, 373, 241, 208, 11, 184, 317, 24, 338, 330, 115, 92, 38, 364, 16, 221, 340, 176, 242, 396, 162, 150, 0]
Route 5: [0, 99, 262, 88, 177, 133, 119, 354, 318, 100, 7, 212, 151, 283, 352, 237, 260, 158, 200, 87, 226, 80, 326, 26, 215, 153, 207, 303, 376, 161, 224, 104, 67, 53, 140, 124, 0]
Route 6: [0, 325, 21, 189, 154, 30, 229, 399, 136, 353, 264, 139, 190, 385, 194, 278, 54, 268, 299, 306, 214, 267, 281, 273, 261, 34, 2, 284, 370, 240, 145, 368, 344, 274, 203, 345, 309, 0]
Route 7: [0, 49, 62, 211, 89, 84, 355, 61, 164, 93, 48, 185, 375, 397, 39, 395, 311, 179, 291, 135, 134, 63, 107, 43, 85, 277, 332, 90, 126, 56, 82, 245, 31, 363, 0]
Route 8: [0, 222, 199, 379, 146, 97, 350, 349, 163, 178, 248, 172, 389, 160, 106, 159, 125, 183, 382, 17, 314, 167, 65, 233, 244, 236, 358, 254, 77, 3, 132, 108, 103, 331, 117, 0]
Route 9: [0, 137, 372, 1, 196, 57, 357, 275, 310, 359, 101, 28, 351, 336, 155, 232, 292, 68, 279, 316, 322, 42, 8, 231, 305, 381, 234, 243, 71, 70, 40, 286, 390, 361, 109, 0]
Route 10: [0, 195, 205, 323, 64, 20, 387, 23, 204, 156, 50, 198, 157, 202, 142, 113, 206, 95, 327, 5, 223, 78, 10, 168, 394, 334, 55, 111, 81, 9, 300, 36, 29, 297, 391, 0]
Route 11: [0, 166, 192, 175, 105, 377, 346, 347, 45, 128, 110, 348, 149, 374, 165, 12, 209, 280, 148, 116, 258, 41, 312, 343, 118, 130, 86, 52, 270, 6, 247, 131, 252, 383, 0]
Route 12: [0, 216, 37, 127, 321, 228, 315, 18, 293, 182, 94, 112, 250, 120, 96, 392, 328, 265, 366, 230, 73, 121, 378, 44, 0]
