Route 1: [0, 31, 62, 323, 64, 23, 110, 105, 377, 346, 128, 157, 156, 50, 198, 113, 142, 206, 95, 327, 5, 223, 78, 10, 168, 334, 394, 45, 277, 332, 90, 126, 56, 82, 286, 109, 0]
Route 2: [0, 49, 239, 211, 89, 36, 192, 175, 348, 149, 374, 202, 347, 9, 204, 165, 39, 311, 179, 300, 291, 135, 107, 43, 85, 63, 134, 234, 305, 381, 209, 48, 243, 71, 61, 0]
Route 3: [0, 75, 137, 21, 240, 154, 34, 189, 275, 357, 2, 370, 100, 284, 212, 151, 283, 352, 237, 260, 87, 200, 261, 273, 226, 80, 307, 259, 92, 38, 364, 16, 88, 266, 72, 255, 0]
Route 4: [0, 162, 391, 218, 174, 337, 133, 140, 129, 313, 302, 114, 369, 94, 112, 117, 44, 159, 125, 58, 183, 187, 132, 338, 3, 77, 230, 244, 328, 356, 79, 315, 257, 288, 138, 320, 0]
Route 5: [0, 37, 276, 225, 127, 321, 236, 358, 248, 178, 254, 253, 180, 263, 83, 295, 169, 14, 304, 384, 46, 173, 102, 4, 228, 220, 91, 400, 342, 366, 96, 221, 340, 176, 242, 0]
Route 6: [0, 296, 383, 252, 147, 341, 329, 269, 335, 271, 388, 69, 249, 398, 197, 93, 373, 241, 148, 208, 11, 280, 258, 41, 116, 343, 312, 118, 130, 86, 52, 270, 6, 247, 40, 164, 131, 0]
Route 7: [0, 115, 367, 290, 235, 345, 372, 224, 104, 353, 264, 139, 190, 385, 194, 278, 54, 214, 267, 268, 196, 306, 136, 399, 281, 229, 57, 376, 207, 303, 145, 215, 161, 326, 368, 344, 354, 0]
Route 8: [0, 213, 355, 20, 166, 387, 292, 333, 51, 171, 152, 210, 375, 397, 339, 185, 184, 245, 251, 12, 68, 279, 316, 322, 42, 231, 8, 301, 66, 195, 98, 246, 363, 70, 361, 390, 0]
Route 9: [0, 170, 144, 222, 331, 256, 379, 146, 73, 163, 349, 97, 60, 272, 122, 360, 141, 386, 201, 32, 123, 13, 285, 380, 47, 160, 289, 121, 181, 74, 365, 378, 106, 282, 150, 396, 0]
Route 10: [0, 25, 371, 35, 309, 1, 53, 67, 203, 298, 287, 227, 172, 350, 186, 389, 103, 108, 193, 199, 24, 382, 17, 65, 330, 392, 167, 314, 233, 33, 317, 294, 99, 0]
Route 11: [0, 324, 191, 362, 177, 22, 325, 7, 119, 124, 182, 293, 18, 250, 120, 274, 299, 26, 59, 308, 319, 19, 219, 155, 336, 217, 393, 81, 55, 111, 318, 76, 0]
Route 12: [0, 216, 238, 262, 27, 15, 101, 359, 84, 188, 351, 28, 297, 29, 205, 143, 232, 395, 310, 158, 30, 153, 265, 0]
