Route 1: [0, 162, 213, 391, 15, 218, 174, 27, 22, 2, 370, 100, 284, 212, 151, 283, 260, 237, 352, 200, 87, 226, 80, 229, 273, 281, 136, 153, 30, 57, 376, 161, 326, 368, 344, 318, 354, 109, 0]
Route 2: [0, 216, 238, 115, 262, 177, 337, 133, 119, 140, 18, 293, 182, 124, 250, 274, 120, 26, 299, 306, 214, 267, 399, 261, 310, 158, 207, 303, 215, 145, 266, 255, 72, 76, 396, 150, 0]
Route 3: [0, 25, 37, 371, 35, 127, 321, 236, 358, 253, 254, 178, 248, 172, 389, 350, 141, 386, 201, 32, 285, 123, 13, 47, 380, 160, 289, 121, 181, 74, 365, 378, 106, 0]
Route 4: [0, 137, 372, 53, 1, 203, 67, 104, 224, 353, 264, 139, 190, 385, 194, 278, 54, 268, 196, 59, 19, 319, 308, 307, 259, 92, 38, 364, 16, 88, 221, 340, 99, 0]
Route 5: [0, 276, 225, 367, 290, 235, 309, 345, 298, 287, 227, 180, 263, 83, 295, 169, 14, 304, 384, 46, 173, 102, 4, 228, 220, 91, 400, 342, 79, 315, 257, 356, 288, 320, 138, 294, 0]
Route 6: [0, 325, 21, 240, 154, 34, 189, 357, 275, 359, 7, 101, 28, 351, 297, 29, 205, 143, 232, 184, 245, 219, 155, 336, 217, 393, 301, 66, 98, 246, 195, 363, 61, 286, 390, 48, 361, 0]
Route 7: [0, 75, 324, 296, 170, 144, 191, 362, 129, 313, 302, 114, 369, 94, 112, 117, 44, 159, 125, 108, 132, 199, 24, 338, 3, 77, 230, 244, 233, 167, 314, 317, 33, 282, 0]
Route 8: [0, 62, 89, 323, 36, 64, 20, 84, 387, 23, 9, 348, 149, 374, 204, 165, 39, 395, 311, 179, 300, 291, 135, 134, 107, 63, 43, 85, 277, 332, 90, 56, 126, 82, 0]
Route 9: [0, 383, 252, 147, 341, 329, 269, 335, 271, 388, 69, 249, 197, 93, 398, 373, 241, 208, 11, 280, 148, 116, 258, 41, 312, 343, 118, 130, 86, 52, 270, 6, 247, 40, 131, 70, 164, 0]
Route 10: [0, 31, 49, 239, 211, 355, 292, 333, 51, 188, 171, 152, 210, 185, 339, 375, 397, 251, 12, 68, 279, 316, 322, 42, 8, 231, 305, 381, 209, 234, 243, 71, 176, 242, 0]
Route 11: [0, 222, 331, 256, 379, 146, 73, 163, 349, 97, 60, 272, 122, 360, 186, 103, 58, 193, 187, 183, 382, 17, 65, 330, 392, 328, 265, 366, 96, 0]
Route 12: [0, 166, 192, 175, 105, 110, 377, 346, 128, 347, 156, 50, 198, 157, 202, 142, 113, 206, 95, 327, 5, 223, 78, 10, 168, 334, 394, 45, 55, 111, 81, 0]
