Route 1: [0, 287, 347, 397, 284, 213, 143, 388, 204, 125, 193, 194, 89, 199, 182, 180, 0, 226, 228, 88, 384, 340, 242, 49, 354, 0]
Route 2: [0, 168, 317, 383, 195, 59, 35, 379, 378, 36, 68, 345, 5, 0, 76, 258, 203, 323, 0]
Route 3: [0, 224, 21, 65, 87, 245, 7, 124, 0, 220, 181, 63, 313, 161, 201, 363, 339, 0]
Route 4: [0, 291, 336, 34, 260, 326, 227, 209, 154, 57, 60, 0, 44, 50, 150, 39, 145, 282, 359, 0]
Route 5: [0, 281, 314, 342, 79, 275, 211, 117, 312, 360, 2, 229, 325, 279, 0]
Route 6: [0, 250, 120, 122, 69, 119, 334, 54, 40, 179, 349, 0, 235, 71, 321, 61, 295, 176, 196, 232, 0]
Route 7: [0, 188, 357, 333, 320, 192, 148, 390, 212, 271, 277, 238, 23, 22, 113, 0, 324, 353, 91, 0]
Route 8: [0, 177, 251, 46, 247, 159, 318, 142, 217, 82, 189, 231, 146, 344, 73, 0]
Route 9: [0, 270, 377, 222, 361, 75, 114, 352, 55, 286, 29, 20, 373, 207, 396, 395, 0, 335, 0]
Route 10: [0, 304, 218, 10, 0, 394, 27, 327, 399, 112, 267, 366, 239, 254, 74, 371, 365, 0]
Route 11: [0, 243, 136, 66, 41, 362, 162, 26, 45, 276, 130, 0, 169, 98, 186, 160, 95, 133, 167, 33, 307, 0]
Route 12: [0, 216, 236, 341, 0, 368, 240, 215, 310, 174, 31, 329, 369, 9, 200, 300, 0]
Route 13: [0, 296, 221, 255, 3, 129, 374, 387, 102, 128, 338, 293, 214, 367, 37, 132, 0]
Route 14: [0, 273, 190, 309, 350, 380, 16, 171, 127, 391, 0, 225, 210, 19, 81, 249, 302, 288, 185, 0]
Route 15: [0, 90, 187, 223, 285, 4, 184, 52, 289, 0, 92, 141, 56, 8, 400, 107, 337, 178, 0]
Route 16: [0, 155, 301, 328, 99, 246, 208, 32, 144, 0, 137, 257, 96, 191, 12, 0]
Route 17: [0, 138, 298, 376, 0, 84, 319, 398, 197, 15, 299, 356, 47, 109, 0]
Route 18: [0, 241, 292, 30, 149, 252, 248, 111, 105, 219, 38, 305, 100, 51, 0]
Route 19: [0, 43, 244, 164, 72, 386, 13, 163, 0, 116, 172, 259, 315, 382, 48, 268, 372, 121, 77, 70, 0]
Route 20: [0, 104, 303, 322, 175, 147, 97, 126, 135, 297, 331, 17, 0]
Route 21: [0, 11, 290, 64, 28, 42, 206, 58, 93, 165, 0, 85, 1, 123, 256, 233, 0]
Route 22: [0, 108, 311, 94, 351, 14, 157, 358, 101, 355, 272, 53, 370, 234, 0]
Route 23: [0, 24, 166, 274, 106, 280, 269, 330, 346, 134, 230, 393, 0]
Route 24: [0, 389, 385, 103, 110, 316, 170, 156, 183, 348, 80, 332, 0]
Route 25: [0, 364, 266, 158, 381, 115, 392, 18, 253, 153, 25, 0]
Route 26: [0, 86, 294, 265, 237, 139, 0]
Route 27: [0, 263, 375, 278, 262, 151, 283, 152, 67, 173, 131, 78, 261, 0]
Route 28: [0, 118, 343, 308, 6, 205, 62, 264, 140, 306, 202, 83, 198, 0]
