Route 1: [0, 298, 304, 341, 388, 143, 147, 193, 330, 199, 182, 181, 220, 0, 400, 133, 95, 167, 307, 323, 0]
Route 2: [0, 314, 278, 262, 151, 316, 7, 58, 124, 180, 78, 325, 229, 77, 70, 0]
Route 3: [0, 166, 187, 251, 35, 59, 152, 126, 135, 297, 234, 0]
Route 4: [0, 281, 375, 87, 110, 156, 269, 36, 67, 134, 230, 393, 0, 178, 335, 0]
Route 5: [0, 10, 347, 21, 65, 283, 97, 379, 378, 173, 346, 131, 161, 0, 51, 300, 233, 0]
Route 6: [0, 177, 357, 4, 184, 148, 212, 286, 55, 321, 61, 207, 0]
Route 7: [0, 336, 34, 260, 394, 334, 209, 197, 189, 60, 137, 329, 186, 107, 0]
Route 8: [0, 138, 216, 236, 218, 0, 84, 105, 154, 253, 219, 153, 38, 25, 239, 254, 371, 0]
Route 9: [0, 383, 79, 274, 0, 116, 172, 20, 71, 235, 382, 48, 44, 150, 302, 288, 185, 91, 0]
Route 10: [0, 104, 11, 266, 28, 158, 381, 115, 392, 57, 50, 279, 0]
Route 11: [0, 243, 273, 190, 3, 374, 112, 338, 92, 367, 56, 47, 33, 0]
Route 12: [0, 168, 86, 90, 0, 42, 179, 54, 40, 398, 82, 310, 366, 141, 0, 76, 324, 353, 359, 0]
Route 13: [0, 290, 64, 364, 41, 362, 276, 217, 130, 0, 85, 88, 228, 9, 191, 49, 354, 0]
Route 14: [0, 155, 301, 361, 294, 318, 32, 139, 277, 23, 22, 132, 196, 0]
Route 15: [0, 43, 244, 247, 333, 159, 163, 142, 391, 271, 268, 372, 395, 0]
Route 16: [0, 328, 99, 246, 208, 114, 352, 265, 237, 238, 293, 37, 74, 365, 0]
Route 17: [0, 188, 250, 386, 13, 368, 227, 45, 259, 315, 225, 19, 0, 145, 39, 282, 232, 0]
Route 18: [0, 270, 72, 377, 380, 16, 162, 26, 102, 387, 299, 146, 98, 344, 73, 0]
Route 19: [0, 376, 122, 119, 136, 27, 0, 327, 399, 174, 31, 305, 369, 160, 203, 337, 0]
Route 20: [0, 317, 24, 397, 322, 275, 52, 117, 280, 0, 169, 210, 81, 113, 249, 109, 0]
Route 21: [0, 287, 224, 342, 213, 303, 106, 204, 125, 360, 261, 226, 384, 340, 0]
Route 22: [0, 164, 309, 222, 350, 75, 127, 171, 215, 0, 214, 8, 258, 0]
Route 23: [0, 108, 118, 351, 358, 206, 349, 165, 111, 355, 80, 17, 331, 256, 0]
Route 24: [0, 291, 120, 69, 66, 255, 129, 240, 128, 356, 100, 257, 96, 0]
Route 25: [0, 94, 149, 14, 157, 248, 18, 264, 272, 348, 1, 332, 242, 12, 0]
Route 26: [0, 311, 241, 30, 252, 205, 62, 93, 140, 202, 83, 198, 200, 0]
Route 27: [0, 389, 263, 385, 103, 245, 319, 89, 194, 0, 63, 313, 201, 363, 339, 0]
Route 28: [0, 292, 343, 308, 6, 101, 170, 183, 53, 306, 370, 123, 0]
Route 29: [0, 296, 221, 326, 15, 267, 231, 0]
Route 30: [0, 46, 223, 285, 192, 320, 211, 390, 312, 144, 29, 373, 176, 295, 0]
Route 31: [0, 284, 195, 175, 289, 2, 68, 345, 5, 121, 396, 0]
