Route 1: [0, 236, 304, 213, 342, 313, 143, 194, 181, 224, 220, 0, 192, 207, 373, 312, 320, 176, 208, 196, 333, 55, 321, 247, 61, 212, 235, 0]
Route 2: [0, 118, 389, 341, 388, 330, 385, 263, 63, 89, 91, 0, 136, 66, 254, 3, 255, 374, 371, 239, 365, 356, 399, 296, 0]
Route 3: [0, 314, 278, 87, 230, 67, 201, 36, 346, 269, 193, 378, 173, 131, 161, 353, 0, 76, 107, 217, 203, 337, 298, 138, 0]
Route 4: [0, 328, 246, 99, 286, 148, 223, 390, 71, 159, 251, 232, 0, 226, 186, 329, 307, 167, 160, 133, 122, 336, 344, 98, 376, 0]
Route 5: [0, 177, 382, 187, 396, 4, 184, 211, 117, 144, 20, 29, 285, 0, 169, 109, 162, 214, 240, 56, 47, 243, 400, 0]
Route 6: [0, 155, 222, 294, 142, 276, 310, 225, 301, 22, 271, 185, 0, 150, 166, 274, 359, 116, 0]
Route 7: [0, 375, 262, 183, 103, 316, 331, 93, 358, 111, 272, 149, 205, 306, 370, 17, 0, 84, 233, 156, 170, 281, 0]
Route 8: [0, 292, 343, 308, 252, 198, 115, 381, 154, 174, 31, 0, 94, 245, 355, 101, 300, 123, 88, 85, 0]
Route 9: [0, 379, 21, 77, 65, 275, 125, 280, 199, 182, 180, 0, 50, 229, 59, 383, 79, 5, 121, 268, 48, 0]
Route 10: [0, 43, 120, 368, 13, 386, 75, 114, 32, 139, 265, 37, 92, 367, 0, 73, 258, 40, 60, 179, 335, 0]
Route 11: [0, 168, 302, 90, 288, 260, 42, 227, 28, 209, 57, 11, 0, 137, 334, 326, 197, 257, 305, 100, 327, 369, 323, 0]
Route 12: [0, 250, 146, 119, 69, 27, 394, 95, 45, 129, 128, 338, 141, 8, 0, 282, 395, 279, 397, 204, 24, 317, 0]
Route 13: [0, 273, 190, 293, 318, 352, 237, 238, 19, 81, 113, 145, 39, 44, 106, 0]
Route 14: [0, 10, 322, 70, 68, 345, 283, 152, 126, 195, 2, 78, 0, 249, 210, 171, 309, 127, 0]
Route 15: [0, 244, 34, 362, 102, 112, 387, 299, 221, 25, 49, 253, 384, 0, 324, 108, 311, 0]
Route 16: [0, 216, 218, 287, 303, 0, 349, 105, 96, 38, 153, 266, 18, 332, 242, 178, 51, 0]
Route 17: [0, 164, 72, 391, 163, 172, 259, 315, 23, 295, 132, 277, 357, 0]
Route 18: [0, 104, 290, 64, 364, 41, 366, 82, 189, 0, 319, 228, 58, 256, 14, 12, 202, 157, 1, 392, 206, 0]
Route 19: [0, 270, 377, 361, 350, 16, 380, 26, 33, 215, 130, 0, 54, 9, 158, 191, 219, 354, 398, 0]
Route 20: [0, 188, 86, 0, 347, 35, 175, 97, 135, 297, 363, 393, 234, 110, 53, 0]
Route 21: [0, 241, 30, 6, 140, 62, 264, 200, 248, 348, 83, 80, 340, 0]
Route 22: [0, 291, 351, 7, 165, 124, 261, 325, 151, 134, 147, 284, 0]
Route 23: [0, 46, 52, 289, 360, 372, 339, 0]
Route 24: [0, 15, 267, 231, 74, 0]
