Route 1: [0, 177, 382, 187, 333, 184, 148, 117, 192, 312, 373, 29, 285, 71, 0, 80, 157, 202, 12, 123, 91, 0]
Route 2: [0, 168, 304, 341, 388, 143, 175, 125, 194, 280, 199, 182, 180, 0, 122, 133, 160, 307, 217, 203, 0]
Route 3: [0, 292, 149, 14, 381, 327, 82, 310, 31, 231, 369, 167, 47, 45, 344, 0]
Route 4: [0, 309, 386, 394, 334, 40, 209, 197, 15, 189, 267, 0, 384, 179, 88, 319, 335, 0]
Route 5: [0, 94, 30, 252, 248, 115, 18, 219, 329, 146, 95, 8, 400, 0, 185, 169, 109, 162, 243, 0]
Route 6: [0, 317, 342, 151, 316, 93, 111, 60, 392, 348, 1, 332, 242, 178, 0]
Route 7: [0, 250, 119, 136, 260, 42, 54, 349, 7, 165, 124, 0, 137, 228, 9, 191, 57, 337, 376, 0]
Route 8: [0, 244, 357, 247, 210, 163, 142, 391, 271, 55, 113, 0, 186, 107, 28, 253, 96, 398, 323, 0]
Route 9: [0, 273, 190, 129, 255, 3, 374, 239, 356, 112, 387, 299, 174, 0, 340, 158, 266, 49, 354, 326, 0]
Route 10: [0, 11, 290, 64, 364, 227, 154, 130, 0, 372, 48, 145, 39, 282, 235, 166, 150, 0]
Route 11: [0, 10, 21, 65, 110, 170, 156, 63, 0, 213, 313, 161, 67, 201, 77, 134, 230, 379, 70, 0]
Route 12: [0, 216, 218, 281, 351, 358, 58, 331, 183, 272, 101, 85, 0, 359, 347, 181, 233, 108, 51, 298, 0]
Route 13: [0, 336, 120, 69, 13, 16, 240, 56, 26, 128, 338, 293, 22, 196, 232, 302, 0]
Route 14: [0, 291, 296, 221, 66, 41, 276, 259, 315, 225, 81, 249, 395, 0, 138, 0]
Route 15: [0, 314, 262, 87, 283, 152, 363, 135, 297, 345, 229, 44, 50, 320, 286, 0]
Route 16: [0, 311, 389, 118, 206, 245, 105, 25, 257, 0]
Route 17: [0, 270, 377, 350, 75, 114, 352, 237, 238, 99, 23, 295, 288, 0]
Route 18: [0, 24, 397, 303, 35, 147, 97, 378, 36, 78, 17, 256, 353, 287, 0]
Route 19: [0, 188, 86, 0, 294, 127, 32, 265, 139, 19, 61, 207, 279, 106, 0]
Route 20: [0, 241, 343, 308, 263, 89, 330, 53, 370, 300, 355, 84, 0]
Route 21: [0, 43, 90, 251, 159, 318, 212, 277, 367, 214, 132, 301, 0]
Route 22: [0, 164, 72, 222, 208, 390, 144, 20, 321, 176, 396, 0]
Route 23: [0, 195, 322, 204, 116, 172, 68, 268, 5, 79, 361, 171, 37, 0]
Route 24: [0, 328, 246, 380, 366, 102, 215, 92, 141, 74, 33, 98, 0]
Route 25: [0, 155, 4, 52, 211, 289, 360, 2, 261, 325, 324, 0]
Route 26: [0, 46, 223, 274, 269, 193, 346, 173, 131, 393, 234, 339, 0]
Route 27: [0, 236, 224, 284, 383, 121, 275, 59, 126, 220, 0, 226, 76, 73, 258, 0]
Route 28: [0, 104, 34, 27, 368, 362, 399, 38, 153, 305, 100, 254, 371, 365, 0]
Route 29: [0, 375, 278, 103, 385, 6, 62, 264, 140, 306, 205, 83, 200, 198, 0]
