Route 1: [0, 108, 11, 266, 290, 28, 227, 334, 40, 0, 130, 217, 82, 31, 174, 100, 305, 254, 371, 239, 365, 0]
Route 2: [0, 263, 375, 278, 103, 110, 262, 151, 147, 2, 360, 268, 235, 0, 76, 186, 107, 337, 258, 73, 109, 0]
Route 3: [0, 251, 155, 301, 129, 128, 102, 356, 299, 231, 366, 141, 56, 367, 302, 0]
Route 4: [0, 281, 388, 314, 342, 65, 175, 97, 379, 378, 269, 89, 182, 180, 0, 228, 9, 191, 96, 49, 354, 323, 335, 0]
Route 5: [0, 168, 138, 298, 0, 118, 101, 292, 316, 6, 272, 93, 264, 306, 202, 348, 80, 340, 384, 0]
Route 6: [0, 247, 328, 99, 246, 223, 212, 148, 144, 0, 137, 329, 369, 47, 214, 74, 33, 203, 0]
Route 7: [0, 241, 343, 308, 149, 205, 14, 248, 157, 392, 115, 18, 140, 53, 0, 185, 288, 0]
Route 8: [0, 376, 104, 311, 94, 84, 319, 349, 206, 7, 58, 355, 124, 0, 169, 8, 95, 146, 133, 160, 167, 257, 307, 0]
Route 9: [0, 385, 62, 252, 219, 25, 400, 0]
Route 10: [0, 336, 136, 296, 66, 41, 255, 3, 374, 112, 387, 399, 276, 0, 85, 88, 83, 198, 200, 12, 300, 0]
Route 11: [0, 46, 159, 285, 4, 192, 390, 320, 271, 321, 55, 286, 29, 176, 23, 196, 0]
Route 12: [0, 357, 377, 350, 222, 333, 208, 352, 114, 237, 265, 238, 293, 37, 92, 81, 0]
Route 13: [0, 270, 72, 309, 127, 13, 15, 327, 267, 310, 215, 249, 0]
Route 14: [0, 87, 21, 322, 195, 283, 152, 135, 126, 297, 345, 373, 207, 0]
Route 15: [0, 122, 69, 119, 34, 260, 326, 64, 398, 57, 0, 172, 220, 181, 17, 123, 1, 332, 242, 178, 0]
Route 16: [0, 86, 90, 187, 166, 274, 116, 0, 163, 391, 142, 259, 315, 225, 19, 277, 22, 295, 61, 396, 0]
Route 17: [0, 164, 386, 243, 273, 190, 162, 16, 380, 171, 0, 199, 346, 134, 230, 234, 393, 201, 77, 0]
Route 18: [0, 188, 250, 120, 27, 291, 394, 368, 362, 45, 26, 240, 338, 0, 382, 150, 48, 50, 279, 39, 145, 282, 359, 0]
Route 19: [0, 30, 351, 358, 179, 42, 54, 381, 105, 111, 165, 60, 0, 256, 370, 331, 339, 233, 0]
Route 20: [0, 10, 317, 24, 287, 106, 347, 204, 284, 125, 280, 193, 194, 161, 261, 0, 210, 113, 132, 232, 0]
Route 21: [0, 43, 244, 177, 318, 294, 361, 75, 139, 32, 0, 226, 51, 91, 0]
Route 22: [0, 304, 224, 213, 341, 389, 245, 0, 170, 156, 183, 330, 63, 313, 78, 229, 363, 70, 353, 0]
Route 23: [0, 218, 236, 216, 0, 143, 303, 35, 289, 59, 68, 67, 36, 173, 131, 325, 44, 395, 0]
Route 24: [0, 397, 383, 79, 275, 52, 211, 117, 184, 312, 20, 71, 0, 372, 5, 121, 324, 0]
Route 25: [0, 221, 364, 158, 154, 209, 197, 153, 38, 253, 189, 98, 344, 0]
