Route 1: [0, 375, 278, 262, 87, 230, 36, 201, 363, 135, 152, 297, 345, 68, 70, 195, 204, 106, 0, 324, 337, 179, 319, 0]
Route 2: [0, 188, 250, 119, 34, 307, 369, 394, 98, 344, 130, 0, 357, 81, 277, 99, 196, 55, 247, 321, 271, 113, 302, 0]
Route 3: [0, 10, 347, 325, 284, 397, 279, 35, 52, 211, 390, 207, 20, 0, 228, 80, 332, 18, 12, 202, 157, 1, 392, 88, 0]
Route 4: [0, 194, 379, 21, 65, 77, 67, 134, 125, 89, 0, 180, 78, 161, 393, 110, 183, 103, 140, 149, 306, 331, 101, 355, 0]
Route 5: [0, 43, 164, 155, 222, 294, 318, 32, 361, 210, 259, 0, 251, 286, 295, 223, 320, 373, 312, 192, 396, 150, 24, 91, 0]
Route 6: [0, 244, 232, 212, 61, 333, 208, 114, 265, 301, 139, 315, 0, 156, 330, 234, 339, 151, 313, 143, 213, 224, 0]
Route 7: [0, 86, 90, 109, 13, 386, 240, 16, 380, 142, 0, 162, 92, 141, 366, 129, 239, 371, 365, 356, 374, 3, 255, 95, 0]
Route 8: [0, 291, 120, 69, 329, 42, 28, 227, 209, 165, 124, 0, 225, 367, 171, 293, 309, 127, 56, 47, 368, 27, 203, 336, 0]
Route 9: [0, 270, 328, 246, 285, 148, 117, 144, 29, 19, 22, 249, 185, 0, 298, 233, 170, 84, 0]
Route 10: [0, 104, 57, 290, 260, 136, 362, 26, 45, 33, 215, 310, 267, 137, 0, 384, 60, 54, 40, 178, 335, 311, 108, 51, 0]
Route 11: [0, 236, 389, 263, 385, 53, 6, 62, 93, 118, 63, 182, 0, 226, 9, 340, 381, 242, 206, 358, 123, 58, 85, 94, 0]
Route 12: [0, 314, 341, 342, 322, 229, 175, 289, 121, 268, 360, 0, 8, 391, 382, 282, 274, 395, 317, 359, 116, 0]
Route 13: [0, 177, 187, 46, 159, 4, 184, 172, 44, 2, 383, 147, 131, 181, 0, 76, 376, 107, 146, 133, 400, 169, 0]
Route 14: [0, 241, 292, 30, 252, 198, 200, 115, 154, 38, 153, 11, 0, 288, 166, 145, 48, 5, 287, 353, 0]
Route 15: [0, 253, 64, 364, 296, 41, 66, 399, 15, 82, 189, 0, 186, 158, 191, 266, 219, 96, 49, 197, 0]
Route 16: [0, 168, 138, 0, 163, 276, 128, 338, 231, 254, 74, 102, 100, 305, 221, 327, 0]
Route 17: [0, 281, 304, 388, 316, 269, 193, 346, 378, 173, 261, 372, 50, 39, 235, 71, 0]
Route 18: [0, 218, 220, 303, 79, 275, 59, 97, 280, 199, 0, 334, 326, 257, 167, 354, 398, 323, 0]
Route 19: [0, 72, 377, 350, 75, 352, 237, 238, 23, 176, 132, 37, 214, 0]
Route 20: [0, 243, 273, 190, 112, 387, 299, 174, 31, 25, 73, 0, 258, 217, 160, 122, 0]
Route 21: [0, 351, 349, 7, 105, 111, 300, 272, 205, 248, 348, 83, 14, 0]
Route 22: [0, 343, 308, 264, 370, 17, 256, 245, 0]
Route 23: [0, 216, 283, 126, 0]
