Route 1: [0, 236, 224, 342, 274, 116, 172, 276, 217, 225, 22, 132, 0]
Route 2: [0, 270, 357, 247, 333, 294, 318, 212, 144, 20, 214, 74, 33, 0]
Route 3: [0, 328, 246, 320, 148, 117, 312, 29, 373, 61, 113, 73, 258, 0]
Route 4: [0, 24, 79, 4, 184, 211, 289, 360, 2, 261, 44, 324, 0, 233, 91, 0]
Route 5: [0, 43, 377, 222, 208, 114, 352, 139, 321, 176, 196, 232, 0]
Route 6: [0, 266, 64, 364, 54, 349, 7, 165, 169, 0]
Route 7: [0, 250, 122, 119, 136, 368, 362, 102, 128, 366, 8, 400, 288, 0]
Route 8: [0, 46, 223, 285, 275, 59, 379, 135, 230, 393, 234, 0]
Route 9: [0, 273, 66, 255, 162, 142, 391, 259, 315, 293, 367, 37, 109, 0]
Route 10: [0, 291, 296, 221, 3, 41, 129, 374, 112, 372, 121, 279, 0]
Route 11: [0, 298, 281, 389, 14, 157, 381, 115, 105, 124, 355, 85, 17, 51, 0]
Route 12: [0, 188, 86, 260, 394, 334, 40, 57, 340, 12, 0]
Route 13: [0, 244, 90, 251, 361, 240, 338, 92, 141, 56, 47, 95, 0]
Route 14: [0, 263, 385, 151, 316, 269, 199, 182, 180, 313, 161, 353, 0]
Route 15: [0, 309, 386, 13, 16, 127, 171, 265, 237, 238, 23, 185, 0]
Route 16: [0, 164, 72, 350, 75, 32, 271, 71, 235, 210, 81, 249, 0]
Route 17: [0, 243, 190, 27, 327, 82, 310, 267, 146, 133, 307, 0]
Route 18: [0, 376, 69, 326, 227, 197, 137, 226, 191, 49, 0]
Route 19: [0, 94, 30, 252, 205, 193, 378, 173, 346, 131, 229, 363, 77, 70, 0]
Route 20: [0, 317, 284, 213, 143, 194, 181, 78, 325, 150, 395, 0]
Route 21: [0, 168, 304, 179, 387, 299, 174, 231, 369, 160, 107, 0]
Route 22: [0, 241, 149, 6, 62, 183, 53, 63, 331, 256, 300, 0]
Route 23: [0, 301, 99, 380, 26, 45, 215, 130, 83, 198, 200, 0]
Route 24: [0, 383, 35, 175, 36, 67, 134, 201, 339, 0]
Route 25: [0, 155, 159, 163, 356, 305, 239, 254, 371, 365, 354, 323, 0]
Route 26: [0, 10, 347, 397, 106, 204, 147, 125, 280, 382, 48, 302, 0]
Route 27: [0, 311, 341, 303, 52, 126, 68, 268, 207, 282, 0]
Route 28: [0, 287, 21, 87, 110, 97, 297, 345, 5, 50, 145, 0]
Route 29: [0, 195, 322, 65, 283, 152, 220, 228, 9, 384, 335, 0]
Route 30: [0, 177, 192, 390, 286, 55, 277, 19, 295, 396, 39, 359, 0]
Route 31: [0, 314, 262, 248, 392, 111, 60, 80, 202, 1, 332, 242, 0]
Route 32: [0, 216, 218, 388, 84, 101, 154, 253, 219, 153, 329, 186, 178, 0]
Route 33: [0, 108, 118, 206, 209, 398, 15, 189, 257, 96, 0]
Route 34: [0, 11, 290, 28, 158, 399, 31, 98, 344, 76, 0]
Route 35: [0, 336, 120, 34, 42, 319, 58, 264, 140, 306, 370, 123, 0]
Route 36: [0, 166, 187, 245, 93, 272, 0]
Route 37: [0, 104, 351, 18, 38, 25, 100, 167, 203, 337, 0]
Route 38: [0, 138, 0]
Route 39: [0, 292, 343, 308, 358, 170, 156, 89, 330, 348, 88, 0]
Route 40: [0, 375, 278, 103, 0]
