Route 1: [0, 104, 11, 290, 253, 64, 364, 197, 326, 209, 57, 54, 0, 281, 220, 261, 325, 284, 70, 77, 67, 134, 230, 346, 347, 44, 0]
Route 2: [0, 317, 24, 397, 322, 204, 147, 97, 193, 378, 36, 379, 173, 78, 0, 145, 396, 235, 113, 361, 171, 0]
Route 3: [0, 314, 375, 278, 103, 6, 170, 156, 269, 330, 199, 182, 180, 0, 376, 186, 384, 179, 88, 58, 355, 233, 0]
Route 4: [0, 311, 241, 30, 149, 245, 7, 105, 154, 60, 0, 359, 150, 50, 48, 166, 382, 282, 395, 302, 0]
Route 5: [0, 223, 320, 192, 4, 184, 211, 117, 121, 289, 360, 0, 169, 8, 400, 95, 133, 167, 327, 307, 217, 0]
Route 6: [0, 195, 65, 363, 283, 152, 126, 135, 297, 345, 383, 229, 234, 0, 138, 0]
Route 7: [0, 216, 262, 87, 151, 110, 263, 89, 213, 0, 92, 141, 56, 214, 240, 74, 366, 129, 47, 45, 33, 0]
Route 8: [0, 168, 224, 342, 35, 59, 175, 125, 194, 131, 161, 313, 0, 76, 185, 288, 258, 337, 335, 108, 51, 0]
Route 9: [0, 177, 187, 46, 247, 71, 159, 163, 172, 0, 280, 2, 79, 268, 5, 201, 279, 106, 287, 0]
Route 10: [0, 43, 244, 164, 109, 0, 318, 212, 271, 55, 321, 99, 23, 22, 301, 132, 196, 37, 243, 98, 0]
Route 11: [0, 86, 90, 251, 0, 94, 349, 15, 219, 153, 38, 25, 305, 100, 0, 324, 353, 91, 0]
Route 12: [0, 250, 120, 119, 136, 66, 3, 41, 255, 374, 239, 112, 387, 310, 0, 228, 191, 266, 96, 49, 354, 323, 0]
Route 13: [0, 389, 292, 123, 351, 14, 62, 93, 124, 84, 0, 226, 9, 340, 242, 158, 80, 157, 392, 319, 0]
Route 14: [0, 188, 273, 69, 122, 27, 394, 334, 28, 329, 82, 189, 0, 85, 17, 331, 339, 63, 181, 0]
Route 15: [0, 10, 218, 304, 303, 274, 116, 0, 276, 277, 19, 176, 295, 286, 285, 232, 0]
Route 16: [0, 357, 210, 333, 148, 390, 373, 312, 20, 144, 29, 61, 207, 0]
Route 17: [0, 72, 309, 386, 13, 368, 362, 127, 26, 128, 338, 162, 225, 249, 73, 178, 0]
Route 18: [0, 343, 308, 252, 381, 18, 264, 140, 248, 348, 1, 107, 203, 344, 0]
Route 19: [0, 118, 358, 206, 115, 165, 111, 300, 272, 306, 370, 256, 101, 0]
Route 20: [0, 296, 221, 142, 391, 215, 267, 231, 332, 12, 202, 0]
Route 21: [0, 236, 341, 388, 143, 316, 385, 183, 53, 205, 83, 200, 198, 0]
Route 22: [0, 21, 52, 275, 68, 393, 0]
Route 23: [0, 291, 336, 34, 260, 398, 42, 40, 227, 0, 130, 137, 146, 369, 257, 371, 365, 356, 160, 0]
Route 24: [0, 270, 190, 350, 380, 16, 102, 399, 299, 174, 31, 254, 0, 298, 0]
Route 25: [0, 155, 328, 246, 208, 114, 352, 139, 237, 238, 293, 367, 81, 0]
Route 26: [0, 377, 222, 294, 75, 32, 265, 259, 315, 372, 39, 0]
