Route 1: [0, 304, 388, 194, 284, 175, 229, 59, 383, 279, 204, 347, 106, 287, 353, 168, 0, 51, 384, 60, 54, 219, 96, 38, 49, 364, 326, 0]
Route 2: [0, 375, 278, 330, 87, 230, 378, 379, 97, 147, 325, 125, 280, 0, 101, 370, 306, 14, 248, 348, 157, 381, 340, 165, 206, 228, 335, 0]
Route 3: [0, 193, 65, 77, 21, 36, 173, 346, 269, 272, 241, 118, 84, 0, 209, 266, 191, 154, 57, 40, 11, 178, 0]
Route 4: [0, 291, 368, 95, 133, 146, 122, 27, 120, 344, 258, 172, 0, 91, 213, 143, 199, 182, 180, 181, 78, 220, 224, 0, 359, 177, 282, 274, 166, 145, 48, 150, 395, 317, 10, 0]
Route 5: [0, 328, 246, 196, 318, 271, 321, 55, 333, 285, 144, 20, 192, 207, 320, 29, 159, 0, 76, 104, 337, 107, 186, 323, 217, 203, 336, 376, 0]
Route 6: [0, 69, 119, 136, 34, 296, 31, 327, 369, 160, 250, 0, 210, 301, 265, 22, 176, 312, 373, 390, 223, 61, 212, 46, 0]
Route 7: [0, 362, 190, 141, 366, 129, 102, 41, 387, 3, 374, 399, 329, 189, 334, 226, 0, 73, 109, 225, 315, 391, 43, 0]
Route 8: [0, 116, 396, 148, 211, 268, 52, 275, 5, 121, 0, 357, 81, 367, 37, 309, 16, 240, 56, 26, 273, 47, 45, 0]
Route 9: [0, 164, 72, 171, 75, 361, 294, 0, 299, 174, 100, 231, 255, 254, 371, 239, 305, 257, 0]
Route 10: [0, 331, 343, 53, 256, 58, 358, 123, 93, 351, 111, 153, 0, 302, 249, 163, 185, 244, 169, 386, 13, 400, 188, 0]
Route 11: [0, 30, 6, 140, 62, 308, 149, 264, 252, 198, 200, 205, 17, 355, 324, 0, 108, 245, 88, 319, 0]
Route 12: [0, 290, 64, 253, 9, 179, 349, 7, 85, 311, 0, 130, 137, 8, 33, 167, 307, 82, 354, 15, 0]
Route 13: [0, 270, 377, 127, 128, 365, 356, 112, 66, 310, 267, 197, 158, 80, 1, 392, 0]
Route 14: [0, 288, 86, 90, 0, 260, 394, 98, 142, 276, 259, 19, 23, 295, 286, 247, 113, 138, 0]
Route 15: [0, 216, 236, 218, 0, 303, 322, 70, 363, 126, 135, 152, 297, 283, 345, 68, 195, 397, 0, 298, 42, 28, 398, 227, 0]
Route 16: [0, 292, 300, 202, 12, 83, 18, 332, 242, 115, 105, 124, 94, 0, 233, 314, 313, 161, 342, 131, 2, 79, 289, 35, 44, 24, 0]
Route 17: [0, 232, 251, 187, 71, 235, 4, 184, 117, 360, 39, 382, 0, 156, 234, 393, 339, 262, 110, 183, 103, 385, 0]
Route 18: [0, 281, 170, 389, 316, 263, 341, 89, 0, 261, 372, 50, 201, 67, 134, 151, 63, 0]
Route 19: [0, 155, 208, 352, 99, 237, 114, 32, 139, 238, 0, 277, 132, 222, 350, 293, 214, 162, 0]
Route 20: [0, 380, 243, 215, 338, 92, 74, 221, 25, 0]
