Route 1: [0, 226, 358, 351, 348, 248, 14, 205, 149, 62, 93, 300, 58, 84, 0, 8, 26, 56, 240, 16, 293, 37, 309, 367, 127, 225, 0]
Route 2: [0, 243, 190, 273, 47, 33, 394, 203, 27, 120, 368, 276, 0, 130, 137, 329, 254, 365, 239, 371, 374, 129, 366, 45, 362, 400, 0]
Route 3: [0, 168, 116, 166, 145, 39, 396, 148, 192, 312, 373, 207, 390, 320, 20, 235, 187, 0, 232, 318, 81, 333, 208, 176, 223, 29, 285, 71, 382, 282, 177, 0]
Route 4: [0, 204, 279, 397, 229, 59, 383, 2, 79, 289, 284, 325, 125, 353, 0, 113, 271, 23, 22, 237, 265, 132, 301, 99, 55, 46, 159, 0]
Route 5: [0, 290, 253, 197, 260, 296, 387, 255, 3, 112, 66, 310, 136, 267, 231, 69, 0, 236, 220, 224, 181, 193, 342, 161, 313, 63, 182, 0]
Route 6: [0, 302, 90, 86, 288, 0, 376, 337, 107, 179, 349, 7, 0, 338, 92, 162, 214, 141, 74, 128, 102, 167, 307, 369, 217, 0]
Route 7: [0, 91, 216, 218, 304, 0, 4, 184, 212, 61, 144, 211, 117, 372, 50, 44, 106, 287, 0, 335, 319, 85, 245, 94, 108, 298, 0]
Route 8: [0, 155, 328, 246, 196, 352, 114, 32, 139, 238, 222, 277, 0, 163, 249, 357, 210, 75, 350, 171, 315, 270, 244, 0]
Route 9: [0, 375, 278, 230, 134, 67, 77, 201, 363, 126, 152, 297, 68, 195, 0, 76, 258, 344, 336, 98, 186, 334, 42, 11, 311, 51, 0]
Route 10: [0, 291, 64, 219, 96, 38, 364, 326, 323, 0, 124, 228, 88, 206, 165, 381, 340, 9, 54, 40, 178, 0, 185, 324, 10, 317, 24, 150, 395, 359, 138, 0]
Route 11: [0, 95, 41, 399, 100, 305, 221, 31, 82, 189, 153, 0, 314, 156, 183, 103, 385, 263, 341, 170, 281, 0]
Route 12: [0, 118, 292, 30, 6, 140, 308, 252, 198, 200, 264, 306, 272, 370, 17, 0, 73, 133, 146, 119, 122, 250, 0]
Route 13: [0, 303, 388, 316, 269, 143, 89, 280, 213, 199, 180, 194, 78, 0, 384, 60, 57, 209, 266, 191, 158, 154, 104, 0]
Route 14: [0, 389, 331, 343, 53, 123, 80, 115, 242, 105, 111, 0, 392, 1, 332, 18, 157, 202, 12, 83, 256, 101, 241, 355, 0]
Route 15: [0, 34, 327, 257, 49, 25, 356, 299, 174, 160, 0, 234, 151, 262, 339, 393, 110, 330, 233, 0]
Route 16: [0, 131, 346, 87, 36, 322, 175, 345, 283, 135, 70, 147, 261, 347, 0, 274, 48, 360, 268, 275, 5, 121, 35, 0]
Route 17: [0, 164, 72, 377, 361, 294, 380, 142, 13, 386, 259, 391, 169, 0, 251, 295, 286, 247, 321, 19, 109, 43, 0]
Route 18: [0, 173, 378, 21, 65, 379, 97, 172, 215, 188, 0, 28, 227, 398, 354, 15, 0]
Route 19: [0, 52, 0]
