Route 1: [0, 5, 160, 337, 330, 143, 215, 46, 153, 147, 89, 166, 258, 0]
Route 2: [0, 126, 189, 174, 390, 271, 244, 57, 48, 345, 98, 250, 234, 0]
Route 3: [0, 17, 326, 214, 355, 117, 247, 162, 320, 168, 283, 289, 158, 104, 227, 0]
Route 4: [0, 51, 181, 389, 1, 116, 127, 245, 242, 259, 316, 86, 0]
Route 5: [0, 374, 32, 62, 39, 67, 65, 396, 307, 264, 142, 241, 0]
Route 6: [0, 292, 226, 109, 172, 26, 350, 282, 352, 40, 183, 123, 75, 228, 0]
Route 7: [0, 141, 290, 182, 236, 61, 218, 11, 369, 110, 35, 223, 0, 41, 0]
Route 8: [0, 324, 156, 133, 210, 382, 338, 256, 205, 294, 261, 384, 0]
Route 9: [0, 73, 265, 380, 85, 328, 177, 95, 30, 249, 0, 163, 0]
Route 10: [0, 303, 144, 24, 93, 229, 204, 295, 103, 220, 122, 53, 0]
Route 11: [0, 357, 77, 74, 394, 68, 14, 288, 6, 178, 327, 253, 224, 0]
Route 12: [0, 151, 63, 213, 121, 233, 173, 161, 50, 383, 131, 372, 0]
Route 13: [0, 393, 291, 52, 16, 314, 136, 317, 22, 399, 132, 0, 42, 0]
Route 14: [0, 397, 72, 203, 365, 273, 341, 207, 187, 200, 119, 232, 0]
Route 15: [0, 287, 31, 362, 108, 248, 171, 243, 239, 192, 128, 27, 0]
Route 16: [0, 114, 44, 348, 235, 388, 281, 129, 263, 176, 137, 376, 0]
Route 17: [0, 322, 23, 371, 38, 333, 111, 194, 363, 251, 276, 313, 0]
Route 18: [0, 334, 216, 358, 195, 285, 18, 238, 21, 347, 0, 230, 0]
Route 19: [0, 335, 385, 199, 82, 296, 359, 254, 293, 60, 311, 0]
Route 20: [0, 80, 315, 221, 270, 193, 19, 55, 120, 91, 130, 0]
Route 21: [0, 155, 395, 361, 272, 306, 377, 124, 2, 346, 45, 0]
Route 22: [0, 49, 298, 87, 70, 302, 201, 25, 96, 353, 240, 0]
Route 23: [0, 102, 69, 222, 159, 304, 71, 113, 211, 59, 391, 0]
Route 24: [0, 387, 278, 78, 231, 188, 125, 225, 323, 81, 197, 0]
Route 25: [0, 267, 56, 252, 370, 274, 138, 170, 4, 275, 190, 84, 0]
Route 26: [0, 186, 154, 105, 381, 202, 309, 318, 329, 297, 34, 0]
Route 27: [0, 92, 94, 54, 180, 179, 386, 379, 312, 246, 20, 0]
Route 28: [0, 198, 135, 112, 140, 279, 90, 196, 321, 15, 0]
Route 29: [0, 301, 139, 280, 36, 284, 351, 58, 356, 134, 107, 0]
Route 30: [0, 332, 310, 339, 262, 342, 118, 319, 260, 43, 0]
Route 31: [0, 360, 12, 9, 47, 299, 305, 219, 237, 28, 76, 0]
Route 32: [0, 266, 165, 308, 400, 8, 146, 268, 79, 367, 0]
Route 33: [0, 115, 331, 364, 340, 373, 167, 148, 378, 164, 0]
Route 34: [0, 343, 269, 64, 208, 100, 145, 106, 368, 37, 0]
Route 35: [0, 150, 83, 354, 206, 392, 191, 344, 349, 3, 0]
Route 36: [0, 97, 33, 255, 29, 157, 212, 169, 13, 0]
Route 37: [0, 375, 149, 101, 7, 257, 99, 184, 175, 0]
Route 38: [0, 286, 366, 398, 66, 277, 325, 300, 336, 0]
Route 39: [0, 217, 88, 209, 185, 10, 152, 0]
