Route 1: [0, 5, 160, 337, 330, 143, 215, 46, 147, 153, 89, 166, 258, 0, 329, 0]
Route 2: [0, 63, 213, 121, 233, 173, 161, 50, 383, 261, 131, 0, 91, 344, 0]
Route 3: [0, 287, 31, 362, 108, 248, 171, 243, 239, 192, 16, 136, 317, 0, 163, 0]
Route 4: [0, 114, 221, 193, 19, 55, 120, 293, 60, 53, 313, 86, 139, 0, 286, 0]
Route 5: [0, 105, 155, 395, 361, 272, 306, 377, 124, 2, 347, 376, 0, 184, 354, 0]
Route 6: [0, 33, 298, 87, 70, 302, 25, 242, 51, 65, 338, 270, 151, 0]
Route 7: [0, 335, 385, 199, 82, 191, 175, 3, 130, 372, 80, 315, 36, 0]
Route 8: [0, 324, 156, 133, 210, 382, 295, 103, 204, 122, 384, 176, 281, 44, 0]
Route 9: [0, 303, 144, 24, 93, 229, 396, 251, 316, 276, 194, 363, 142, 0]
Route 10: [0, 17, 326, 214, 355, 117, 247, 162, 320, 40, 183, 123, 75, 273, 0]
Route 11: [0, 332, 310, 165, 262, 146, 268, 79, 367, 197, 224, 312, 246, 0]
Route 12: [0, 397, 72, 203, 365, 26, 350, 282, 187, 200, 358, 260, 8, 339, 0]
Route 13: [0, 357, 77, 74, 159, 71, 368, 37, 20, 107, 356, 58, 0]
Route 14: [0, 186, 154, 381, 202, 342, 319, 297, 34, 230, 41, 0]
Route 15: [0, 292, 226, 172, 145, 318, 352, 168, 283, 289, 158, 104, 0]
Route 16: [0, 189, 390, 304, 14, 113, 211, 59, 253, 6, 327, 0]
Route 17: [0, 343, 216, 195, 285, 18, 238, 21, 45, 100, 0, 331, 0]
Route 18: [0, 387, 278, 78, 231, 188, 125, 225, 323, 81, 43, 0]
Route 19: [0, 56, 182, 370, 274, 288, 178, 394, 68, 386, 84, 0]
Route 20: [0, 366, 99, 157, 279, 90, 196, 399, 132, 22, 291, 0, 241, 0]
Route 21: [0, 69, 340, 373, 167, 148, 378, 275, 240, 364, 391, 0]
Route 22: [0, 267, 141, 236, 61, 218, 11, 369, 110, 35, 223, 234, 98, 0]
Route 23: [0, 94, 54, 180, 179, 400, 379, 164, 190, 138, 290, 222, 308, 0]
Route 24: [0, 375, 149, 284, 351, 359, 263, 137, 227, 109, 228, 0]
Route 25: [0, 150, 83, 398, 66, 277, 170, 4, 252, 250, 174, 9, 0]
Route 26: [0, 88, 217, 209, 10, 325, 13, 15, 249, 27, 128, 140, 0]
Route 27: [0, 269, 64, 208, 185, 341, 207, 62, 32, 307, 264, 0]
Route 28: [0, 126, 115, 101, 206, 257, 321, 73, 265, 30, 201, 0]
Route 29: [0, 360, 112, 135, 314, 169, 237, 219, 76, 311, 7, 300, 0]
Route 30: [0, 52, 380, 85, 328, 177, 95, 96, 49, 0]
Route 31: [0, 374, 181, 389, 1, 116, 127, 245, 259, 353, 212, 0]
Route 32: [0, 97, 255, 29, 271, 244, 57, 48, 345, 198, 28, 0]
Route 33: [0, 23, 38, 333, 111, 349, 134, 294, 118, 309, 106, 0]
Route 34: [0, 301, 280, 392, 152, 336, 346, 119, 232, 42, 334, 0]
Route 35: [0, 322, 348, 235, 388, 129, 220, 254, 296, 0]
Route 36: [0, 102, 12, 47, 299, 305, 393, 371, 256, 205, 0]
Route 37: [0, 92, 266, 39, 67, 0]
