Route 1: [0, 166, 89, 147, 46, 153, 215, 281, 384, 337, 160, 258, 176, 263, 0]
Route 2: [0, 5, 330, 143, 129, 235, 388, 137, 44, 114, 122, 220, 0]
Route 3: [0, 189, 174, 390, 271, 98, 345, 48, 244, 57, 250, 234, 249, 0]
Route 4: [0, 326, 214, 355, 117, 247, 283, 289, 168, 162, 352, 282, 350, 26, 0]
Route 5: [0, 51, 181, 389, 1, 116, 127, 245, 242, 259, 396, 264, 0, 152, 208, 0]
Route 6: [0, 32, 67, 65, 39, 62, 133, 210, 382, 338, 256, 0, 185, 209, 10, 0]
Route 7: [0, 17, 226, 109, 172, 75, 183, 40, 320, 158, 104, 227, 292, 228, 0]
Route 8: [0, 290, 182, 236, 61, 218, 11, 369, 110, 35, 223, 138, 0]
Route 9: [0, 42, 72, 397, 273, 341, 207, 187, 203, 119, 123, 200, 365, 232, 0]
Route 10: [0, 95, 177, 380, 85, 328, 265, 30, 73, 317, 0, 331, 398, 277, 325, 0]
Route 11: [0, 324, 156, 205, 19, 193, 270, 55, 213, 63, 294, 151, 0, 88, 217, 0]
Route 12: [0, 303, 24, 93, 229, 204, 295, 103, 144, 385, 359, 293, 296, 0, 286, 0]
Route 13: [0, 102, 113, 68, 394, 14, 288, 6, 178, 74, 77, 357, 327, 0]
Route 14: [0, 121, 233, 173, 161, 50, 383, 261, 131, 254, 60, 53, 0, 336, 0]
Route 15: [0, 279, 291, 16, 52, 136, 314, 22, 399, 132, 196, 0, 300, 13, 15, 0]
Route 16: [0, 287, 108, 362, 31, 171, 243, 248, 239, 192, 128, 27, 9, 0, 366, 0]
Route 17: [0, 38, 333, 374, 307, 111, 194, 363, 251, 316, 276, 142, 371, 107, 0]
Route 18: [0, 334, 216, 358, 195, 285, 18, 238, 346, 309, 0, 354, 99, 184, 175, 0]
Route 19: [0, 105, 155, 395, 361, 272, 306, 377, 124, 2, 347, 376, 0, 115, 126, 0]
Route 20: [0, 100, 145, 45, 202, 342, 186, 381, 154, 335, 86, 221, 0, 3, 0]
Route 21: [0, 70, 298, 87, 302, 201, 25, 96, 353, 49, 58, 0, 150, 83, 0]
Route 22: [0, 378, 164, 253, 59, 211, 71, 304, 159, 222, 69, 364, 0, 241, 0]
Route 23: [0, 387, 78, 323, 225, 125, 188, 231, 278, 312, 246, 0, 269, 343, 163, 0]
Route 24: [0, 56, 141, 252, 370, 274, 170, 4, 275, 240, 190, 340, 148, 0]
Route 25: [0, 322, 199, 82, 120, 284, 356, 351, 313, 315, 80, 36, 0]
Route 26: [0, 23, 348, 392, 349, 191, 344, 91, 130, 372, 0, 149, 7, 257, 76, 0]
Route 27: [0, 94, 54, 180, 179, 386, 379, 81, 197, 84, 165, 308, 0, 106, 329, 0]
Route 28: [0, 212, 112, 135, 140, 198, 219, 393, 90, 321, 0, 267, 367, 391, 0]
Route 29: [0, 301, 64, 230, 400, 318, 21, 118, 260, 43, 41, 224, 8, 0]
Route 30: [0, 97, 375, 29, 299, 47, 12, 368, 37, 20, 0, 266, 146, 79, 0]
Route 31: [0, 332, 373, 167, 268, 319, 297, 34, 262, 339, 310, 92, 0]
Route 32: [0, 139, 280, 66, 169, 237, 360, 305, 28, 157, 255, 33, 0]
Route 33: [0, 311, 101, 206, 134, 0]
