Route 1: [0, 5, 160, 337, 330, 143, 215, 153, 46, 147, 89, 166, 258, 0]
Route 2: [0, 189, 174, 390, 271, 244, 57, 48, 345, 98, 250, 234, 240, 0]
Route 3: [0, 17, 326, 214, 355, 117, 247, 162, 320, 168, 283, 289, 158, 104, 227, 0]
Route 4: [0, 51, 181, 389, 1, 116, 127, 245, 242, 259, 264, 131, 0, 41, 0]
Route 5: [0, 374, 32, 39, 62, 65, 67, 396, 307, 251, 316, 276, 0]
Route 6: [0, 381, 292, 226, 109, 172, 26, 350, 282, 352, 40, 183, 123, 75, 228, 0]
Route 7: [0, 290, 182, 236, 61, 218, 11, 369, 110, 35, 223, 275, 0]
Route 8: [0, 270, 324, 156, 133, 210, 382, 338, 256, 205, 261, 0, 224, 0]
Route 9: [0, 73, 265, 380, 85, 328, 177, 95, 30, 96, 0, 311, 241, 0]
Route 10: [0, 385, 303, 144, 24, 93, 229, 204, 295, 103, 220, 122, 86, 0]
Route 11: [0, 357, 77, 74, 394, 68, 14, 288, 6, 178, 327, 253, 84, 0]
Route 12: [0, 63, 213, 121, 233, 173, 161, 50, 383, 294, 60, 0, 42, 0]
Route 13: [0, 291, 52, 16, 314, 136, 317, 22, 399, 132, 192, 0]
Route 14: [0, 334, 397, 72, 203, 365, 273, 341, 207, 187, 200, 119, 232, 0]
Route 15: [0, 112, 287, 31, 362, 108, 248, 171, 243, 239, 128, 27, 0]
Route 16: [0, 335, 114, 44, 348, 235, 388, 281, 129, 263, 176, 137, 384, 0]
Route 17: [0, 322, 23, 371, 38, 333, 111, 194, 363, 142, 130, 372, 0]
Route 18: [0, 216, 358, 195, 285, 18, 238, 21, 118, 346, 0, 230, 0]
Route 19: [0, 221, 151, 19, 193, 284, 351, 58, 356, 134, 107, 163, 0]
Route 20: [0, 154, 105, 155, 395, 361, 272, 306, 377, 124, 2, 347, 0]
Route 21: [0, 315, 49, 298, 87, 70, 302, 201, 25, 353, 0]
Route 22: [0, 340, 69, 222, 102, 159, 304, 71, 113, 211, 59, 197, 0]
Route 23: [0, 310, 387, 278, 78, 231, 188, 125, 225, 323, 43, 0]
Route 24: [0, 364, 56, 141, 252, 370, 274, 138, 170, 4, 190, 391, 0]
Route 25: [0, 165, 94, 54, 180, 179, 386, 379, 312, 246, 81, 34, 0]
Route 26: [0, 198, 393, 135, 140, 279, 90, 321, 196, 219, 249, 0]
Route 27: [0, 186, 202, 309, 342, 100, 145, 318, 106, 297, 329, 0]
Route 28: [0, 280, 392, 36, 80, 191, 349, 344, 91, 175, 3, 0]
Route 29: [0, 29, 360, 9, 12, 47, 299, 305, 237, 28, 15, 76, 0]
Route 30: [0, 332, 92, 266, 339, 262, 400, 8, 319, 260, 45, 376, 0]
Route 31: [0, 267, 373, 167, 148, 308, 146, 268, 79, 164, 367, 0]
Route 32: [0, 126, 115, 331, 398, 66, 378, 277, 325, 368, 20, 0]
Route 33: [0, 33, 255, 157, 169, 212, 7, 257, 300, 13, 37, 0]
Route 34: [0, 88, 217, 139, 301, 209, 185, 10, 152, 336, 0]
Route 35: [0, 286, 366, 150, 83, 354, 206, 99, 184, 0]
Route 36: [0, 343, 269, 64, 208, 101, 55, 120, 313, 0]
Route 37: [0, 97, 375, 149, 199, 82, 296, 359, 254, 293, 53, 0]
