Route 1: [0, 63, 382, 210, 19, 55, 120, 270, 205, 338, 62, 39, 374, 0]
Route 2: [0, 287, 52, 16, 314, 136, 317, 399, 132, 291, 196, 0, 241, 311, 0]
Route 3: [0, 114, 44, 348, 235, 388, 281, 129, 263, 176, 137, 384, 0, 257, 7, 0]
Route 4: [0, 23, 371, 38, 333, 111, 264, 396, 251, 276, 316, 194, 32, 142, 0]
Route 5: [0, 324, 156, 133, 65, 67, 50, 293, 359, 24, 220, 122, 232, 0]
Route 6: [0, 334, 216, 358, 195, 285, 18, 238, 297, 100, 0, 91, 344, 191, 349, 0]
Route 7: [0, 360, 198, 135, 140, 90, 321, 237, 157, 255, 0, 175, 184, 99, 0]
Route 8: [0, 105, 155, 395, 361, 272, 306, 377, 124, 2, 347, 376, 0, 391, 148, 0]
Route 9: [0, 298, 87, 302, 201, 25, 96, 70, 73, 22, 279, 393, 0]
Route 10: [0, 335, 385, 199, 82, 173, 256, 383, 60, 53, 296, 86, 0, 152, 217, 0]
Route 11: [0, 387, 278, 78, 312, 379, 79, 0, 230, 34, 400, 262, 339, 0]
Route 12: [0, 322, 221, 284, 351, 58, 356, 134, 283, 117, 326, 292, 0]
Route 13: [0, 92, 310, 180, 179, 84, 268, 164, 367, 165, 224, 8, 260, 106, 0]
Route 14: [0, 186, 154, 381, 202, 342, 309, 118, 21, 346, 45, 0, 286, 0]
Route 15: [0, 375, 29, 398, 66, 325, 368, 3, 372, 130, 80, 107, 0]
Route 16: [0, 301, 280, 392, 206, 318, 336, 163, 59, 211, 222, 0]
Route 17: [0, 33, 149, 101, 145, 162, 352, 40, 183, 350, 282, 109, 42, 0]
Route 18: [0, 17, 226, 214, 355, 247, 289, 320, 168, 26, 172, 158, 104, 227, 0]
Route 19: [0, 189, 174, 252, 138, 218, 369, 110, 98, 250, 234, 370, 274, 0]
Route 20: [0, 397, 72, 203, 365, 273, 341, 207, 187, 200, 119, 123, 75, 228, 0]
Route 21: [0, 357, 327, 197, 225, 125, 319, 159, 253, 68, 394, 77, 378, 0]
Route 22: [0, 102, 69, 373, 167, 246, 81, 323, 231, 188, 43, 41, 329, 269, 0]
Route 23: [0, 267, 182, 236, 61, 11, 170, 4, 190, 275, 240, 108, 31, 0]
Route 24: [0, 56, 141, 390, 271, 244, 48, 345, 57, 248, 299, 249, 97, 0]
Route 25: [0, 94, 54, 288, 14, 113, 6, 178, 74, 386, 266, 0]
Route 26: [0, 5, 160, 337, 330, 143, 215, 46, 147, 153, 89, 166, 258, 0, 126, 0]
Route 27: [0, 51, 181, 389, 1, 116, 127, 245, 242, 259, 363, 354, 0, 331, 277, 0]
Route 28: [0, 88, 83, 233, 161, 121, 213, 261, 131, 294, 151, 193, 315, 0]
Route 29: [0, 343, 64, 209, 185, 10, 37, 20, 115, 146, 308, 0]
Route 30: [0, 366, 28, 9, 47, 169, 305, 219, 223, 35, 290, 340, 0]
Route 31: [0, 332, 208, 304, 71, 15, 307, 49, 353, 0]
Route 32: [0, 265, 380, 85, 328, 177, 95, 30, 76, 0, 150, 300, 13, 0]
Route 33: [0, 303, 144, 93, 229, 204, 295, 103, 254, 313, 36, 139, 0]
Route 34: [0, 212, 112, 362, 171, 243, 239, 192, 128, 27, 12, 364, 0]
