Route 1: [0, 366, 150, 83, 354, 206, 99, 184, 175, 336, 0, 297, 346, 104, 227, 0]
Route 2: [0, 80, 284, 351, 296, 199, 303, 220, 103, 295, 293, 122, 384, 0]
Route 3: [0, 291, 16, 302, 201, 70, 116, 65, 396, 264, 316, 372, 0]
Route 4: [0, 332, 188, 285, 397, 72, 273, 341, 282, 75, 187, 42, 0]
Route 5: [0, 114, 395, 155, 105, 154, 381, 309, 118, 21, 200, 119, 232, 0]
Route 6: [0, 209, 361, 17, 214, 355, 117, 247, 320, 283, 168, 183, 123, 228, 0]
Route 7: [0, 23, 333, 39, 67, 32, 374, 111, 194, 363, 251, 276, 142, 0]
Route 8: [0, 335, 385, 144, 24, 93, 229, 204, 129, 263, 137, 45, 0]
Route 9: [0, 322, 324, 62, 133, 156, 210, 382, 50, 383, 60, 53, 86, 0]
Route 10: [0, 157, 212, 169, 135, 112, 279, 399, 22, 132, 28, 249, 0]
Route 11: [0, 126, 398, 331, 97, 101, 257, 300, 13, 15, 76, 20, 391, 0]
Route 12: [0, 208, 342, 18, 125, 225, 323, 319, 260, 34, 84, 0]
Route 13: [0, 393, 360, 9, 12, 47, 299, 305, 219, 237, 190, 223, 240, 0]
Route 14: [0, 151, 270, 193, 121, 161, 254, 359, 344, 91, 176, 376, 0]
Route 15: [0, 141, 252, 370, 182, 236, 61, 218, 11, 369, 110, 275, 0]
Route 16: [0, 49, 51, 181, 389, 1, 127, 245, 242, 96, 353, 0]
Route 17: [0, 348, 44, 5, 160, 337, 330, 143, 215, 153, 258, 0]
Route 18: [0, 387, 278, 386, 180, 102, 167, 148, 378, 164, 35, 234, 0]
Route 19: [0, 186, 292, 326, 226, 109, 172, 26, 350, 162, 352, 40, 289, 158, 0]
Route 20: [0, 149, 7, 33, 255, 29, 66, 277, 325, 368, 37, 311, 241, 0]
Route 21: [0, 92, 310, 339, 231, 78, 379, 146, 268, 79, 0, 163, 329, 224, 41, 0]
Route 22: [0, 286, 217, 88, 185, 10, 152, 145, 318, 106, 0, 3, 130, 313, 0]
Route 23: [0, 87, 328, 380, 85, 265, 73, 90, 196, 321, 30, 0]
Route 24: [0, 375, 189, 390, 271, 244, 57, 48, 345, 98, 250, 27, 0]
Route 25: [0, 334, 195, 358, 216, 207, 365, 203, 238, 43, 230, 0]
Route 26: [0, 301, 280, 36, 392, 139, 349, 191, 58, 294, 120, 131, 0]
Route 27: [0, 115, 69, 222, 159, 304, 71, 14, 113, 211, 367, 0]
Route 28: [0, 266, 308, 165, 179, 262, 8, 400, 312, 246, 81, 197, 0]
Route 29: [0, 290, 174, 287, 108, 362, 248, 171, 243, 239, 192, 128, 0]
Route 30: [0, 315, 221, 213, 173, 233, 55, 19, 256, 338, 205, 261, 0]
Route 31: [0, 94, 54, 357, 77, 74, 394, 68, 288, 6, 178, 327, 0]
Route 32: [0, 267, 373, 340, 364, 56, 274, 138, 170, 4, 59, 253, 0]
Route 33: [0, 343, 269, 64, 100, 202, 272, 306, 377, 124, 2, 347, 0]
Route 34: [0, 371, 38, 63, 82, 235, 388, 281, 46, 147, 89, 166, 0]
Route 35: [0, 140, 31, 52, 314, 136, 317, 95, 25, 307, 259, 0]
Route 36: [0, 198, 177, 298, 134, 356, 107, 0]
