Route 1: [0, 5, 160, 337, 330, 143, 215, 46, 153, 147, 89, 166, 258, 0]
Route 2: [0, 189, 174, 390, 271, 244, 57, 48, 345, 98, 250, 234, 0]
Route 3: [0, 17, 326, 214, 355, 117, 247, 162, 320, 168, 283, 289, 158, 104, 227, 0]
Route 4: [0, 292, 226, 109, 172, 26, 350, 282, 352, 40, 183, 123, 75, 228, 0]
Route 5: [0, 290, 182, 236, 61, 218, 11, 369, 110, 35, 223, 240, 0]
Route 6: [0, 286, 88, 87, 70, 317, 22, 399, 132, 311, 241, 0]
Route 7: [0, 303, 144, 24, 93, 229, 204, 295, 103, 220, 122, 384, 0]
Route 8: [0, 357, 77, 74, 394, 68, 14, 288, 6, 178, 327, 84, 0]
Route 9: [0, 63, 213, 121, 233, 173, 161, 50, 383, 131, 53, 0]
Route 10: [0, 397, 72, 203, 365, 273, 341, 207, 187, 200, 119, 232, 42, 0]
Route 11: [0, 114, 44, 348, 235, 388, 281, 129, 263, 176, 137, 376, 0]
Route 12: [0, 23, 371, 38, 333, 111, 194, 363, 251, 353, 259, 142, 0]
Route 13: [0, 334, 216, 358, 195, 285, 18, 238, 21, 347, 0]
Route 14: [0, 335, 385, 199, 82, 296, 359, 254, 293, 60, 163, 41, 0]
Route 15: [0, 322, 151, 270, 193, 19, 55, 120, 294, 130, 372, 0]
Route 16: [0, 105, 155, 395, 361, 272, 306, 377, 124, 2, 45, 0]
Route 17: [0, 102, 69, 222, 159, 304, 71, 113, 211, 59, 253, 0]
Route 18: [0, 332, 278, 78, 231, 188, 125, 225, 323, 81, 197, 0]
Route 19: [0, 56, 141, 252, 370, 274, 138, 170, 4, 190, 275, 0]
Route 20: [0, 94, 54, 180, 308, 146, 379, 312, 246, 43, 34, 224, 0]
Route 21: [0, 80, 315, 221, 284, 351, 58, 356, 134, 107, 0]
Route 22: [0, 186, 154, 381, 202, 342, 309, 118, 106, 329, 0]
Route 23: [0, 255, 360, 12, 157, 212, 169, 219, 28, 391, 0]
Route 24: [0, 92, 310, 339, 262, 400, 8, 319, 260, 230, 0]
Route 25: [0, 266, 165, 387, 179, 386, 268, 79, 297, 0]
Route 26: [0, 267, 364, 340, 373, 167, 148, 378, 164, 367, 0]
Route 27: [0, 393, 112, 198, 9, 47, 299, 305, 15, 76, 0]
Route 28: [0, 301, 139, 280, 392, 36, 191, 349, 344, 91, 0]
Route 29: [0, 149, 33, 7, 101, 257, 300, 175, 3, 0]
Route 30: [0, 343, 269, 64, 208, 100, 145, 318, 336, 0]
Route 31: [0, 366, 150, 83, 354, 206, 99, 184, 152, 346, 0]
Route 32: [0, 126, 115, 331, 398, 66, 277, 325, 368, 0]
Route 33: [0, 51, 181, 389, 1, 116, 127, 245, 242, 316, 276, 0]
Route 34: [0, 324, 156, 62, 39, 67, 65, 396, 307, 264, 86, 0]
Route 35: [0, 374, 32, 133, 210, 382, 338, 256, 205, 261, 313, 0]
Route 36: [0, 287, 31, 362, 108, 248, 171, 243, 239, 192, 128, 27, 0]
Route 37: [0, 291, 52, 16, 314, 136, 95, 30, 0]
Route 38: [0, 49, 298, 380, 328, 177, 201, 25, 0]
Route 39: [0, 73, 265, 85, 302, 90, 196, 321, 249, 0]
Route 40: [0, 97, 375, 217, 209, 185, 10, 13, 37, 20, 0]
Route 41: [0, 29, 135, 140, 279, 237, 96, 0]
