Route 1: [0, 278, 9, 286, 246, 57, 305, 289, 64, 183, 42, 19, 160, 388, 308, 0, 184, 39, 355, 177, 391, 120, 178, 222, 250, 398, 0]
Route 2: [0, 159, 163, 20, 105, 310, 119, 191, 166, 314, 300, 339, 302, 174, 268, 86, 0, 98, 81, 83, 37, 311, 212, 0]
Route 3: [0, 55, 10, 195, 110, 345, 111, 291, 279, 190, 247, 80, 244, 216, 188, 121, 0, 214, 32, 23, 256, 93, 0]
Route 4: [0, 135, 139, 263, 79, 122, 51, 27, 303, 71, 342, 147, 0, 41, 59, 335, 82, 152, 356, 157, 234, 350, 280, 225, 328, 315, 0]
Route 5: [0, 125, 155, 197, 74, 326, 249, 112, 132, 390, 287, 323, 142, 0, 107, 276, 49, 374, 5, 271, 109, 364, 1, 347, 317, 0]
Route 6: [0, 17, 87, 62, 251, 209, 399, 38, 221, 254, 240, 60, 0, 277, 334, 124, 231, 137, 394, 11, 15, 0]
Route 7: [0, 319, 33, 185, 294, 341, 382, 267, 129, 367, 327, 18, 0, 26, 118, 138, 123, 170, 224, 154, 53, 180, 360, 348, 313, 0]
Route 8: [0, 204, 34, 307, 91, 330, 373, 56, 151, 65, 141, 0, 13, 378, 346, 199, 24, 30, 260, 362, 233, 237, 290, 0]
Route 9: [0, 359, 95, 67, 50, 149, 31, 258, 366, 101, 158, 182, 0, 44, 25, 351, 192, 171, 223, 102, 175, 70, 66, 22, 0]
Route 10: [0, 85, 168, 266, 226, 52, 324, 385, 332, 349, 161, 0, 78, 6, 69, 333, 194, 0]
Route 11: [0, 218, 255, 73, 134, 264, 320, 281, 377, 145, 304, 63, 306, 269, 0, 270, 46, 128, 386, 106, 43, 295, 288, 117, 72, 318, 0]
Route 12: [0, 58, 136, 375, 181, 380, 297, 210, 357, 0, 245, 206, 235, 16, 309, 239, 4, 114, 89, 0]
Route 13: [0, 329, 368, 248, 395, 54, 88, 325, 84, 167, 358, 104, 14, 0, 284, 77, 3, 108, 47, 219, 172, 75, 393, 0]
Route 14: [0, 232, 40, 392, 299, 298, 96, 113, 265, 230, 68, 228, 0, 208, 396, 340, 272, 257, 312, 146, 156, 94, 45, 202, 0]
Route 15: [0, 97, 90, 133, 261, 384, 370, 207, 0, 397, 200, 338, 29, 292, 198, 354, 343, 0]
Route 16: [0, 164, 196, 165, 243, 179, 285, 352, 242, 344, 35, 0, 201, 322, 381, 321, 229, 220, 100, 241, 12, 144, 0]
Route 17: [0, 211, 238, 140, 361, 169, 2, 127, 316, 173, 126, 0, 262, 153, 372, 130, 253, 275, 148, 7, 371, 389, 116, 162, 0]
Route 18: [0, 301, 92, 115, 337, 379, 61, 99, 283, 0, 186, 0, 36, 131, 203, 103, 28, 8, 353, 376, 383, 213, 0]
Route 19: [0, 252, 282, 215, 365, 274, 176, 387, 21, 293, 336, 48, 193, 0, 273, 0]
Route 20: [0, 143, 296, 0, 150, 217, 400, 369, 236, 227, 205, 189, 187, 259, 0]
Route 21: [0, 76, 363, 331, 0]
