Route 1: [0, 389, 152, 82, 286, 57, 246, 356, 157, 350, 335, 338, 234, 0, 172, 58, 0]
Route 2: [0, 266, 224, 226, 163, 166, 119, 105, 20, 310, 53, 0]
Route 3: [0, 368, 70, 175, 215, 48, 37, 83, 81, 336, 293, 102, 98, 0]
Route 4: [0, 139, 71, 51, 29, 122, 292, 27, 303, 198, 94, 388, 0, 28, 131, 203, 182, 0]
Route 5: [0, 185, 137, 339, 302, 341, 394, 382, 174, 294, 268, 300, 208, 201, 0]
Route 6: [0, 100, 87, 162, 305, 289, 280, 116, 64, 220, 183, 225, 229, 0, 273, 0]
Route 7: [0, 89, 10, 4, 239, 110, 345, 195, 235, 206, 291, 114, 0, 184, 0]
Route 8: [0, 147, 96, 263, 79, 230, 42, 19, 68, 146, 160, 61, 99, 0, 202, 0]
Route 9: [0, 232, 40, 372, 392, 148, 253, 275, 251, 62, 6, 200, 397, 7, 0, 12, 0]
Route 10: [0, 346, 199, 264, 24, 30, 260, 320, 281, 362, 233, 0, 358, 84, 399, 153, 241, 17, 0]
Route 11: [0, 245, 295, 16, 380, 385, 190, 159, 5, 347, 0]
Route 12: [0, 329, 25, 73, 134, 145, 377, 101, 237, 158, 290, 227, 386, 188, 0]
Route 13: [0, 142, 155, 218, 171, 21, 395, 54, 88, 274, 223, 176, 248, 378, 376, 0, 284, 0]
Route 14: [0, 307, 330, 151, 373, 56, 374, 49, 34, 180, 0]
Route 15: [0, 91, 324, 181, 297, 210, 39, 117, 332, 178, 120, 0, 331, 0]
Route 16: [0, 95, 189, 67, 50, 149, 31, 258, 366, 205, 8, 0]
Route 17: [0, 396, 340, 312, 354, 327, 272, 257, 343, 0]
Route 18: [0, 207, 97, 138, 65, 123, 52, 170, 348, 370, 154, 26, 384, 0]
Route 19: [0, 127, 316, 243, 179, 285, 261, 191, 314, 33, 86, 124, 0, 103, 353, 43, 36, 0]
Route 20: [0, 104, 333, 78, 209, 69, 167, 59, 130, 38, 0]
Route 21: [0, 168, 118, 141, 47, 242, 3, 344, 77, 126, 133, 319, 231, 0]
Route 22: [0, 278, 381, 9, 298, 342, 299, 41, 322, 371, 321, 45, 0]
Route 23: [0, 144, 92, 115, 367, 129, 11, 267, 15, 18, 301, 0]
Route 24: [0, 44, 255, 287, 63, 282, 125, 13, 22, 14, 0]
Route 25: [0, 359, 106, 252, 270, 128, 369, 0]
Route 26: [0, 250, 269, 323, 304, 306, 259, 357, 35, 0]
Route 27: [0, 150, 391, 288, 375, 177, 355, 204, 400, 219, 0]
Route 28: [0, 398, 46, 55, 136, 217, 277, 0]
Route 29: [0, 313, 196, 165, 173, 352, 334, 379, 135, 0]
Route 30: [0, 164, 2, 90, 360, 108, 393, 85, 262, 66, 387, 187, 0]
Route 31: [0, 194, 315, 328, 337, 228, 308, 309, 80, 0]
Route 32: [0, 276, 317, 107, 361, 0]
Route 33: [0, 75, 211, 161, 238, 349, 318, 72, 140, 169, 0]
Route 34: [0, 383, 213, 254, 311, 221, 325, 193, 240, 212, 60, 0]
Route 35: [0, 186, 93, 143, 296, 256, 23, 76, 32, 363, 214, 0]
Route 36: [0, 390, 197, 74, 326, 249, 112, 192, 351, 132, 365, 0]
Route 37: [0, 121, 222, 236, 247, 279, 111, 109, 271, 1, 364, 216, 244, 0]
Route 38: [0, 283, 156, 113, 265, 0]
