Route 1: [0, 311, 254, 221, 325, 209, 78, 69, 167, 59, 41, 0, 212, 38, 399, 60, 273, 0]
Route 2: [0, 396, 340, 115, 367, 129, 272, 267, 15, 327, 33, 126, 0, 66, 240, 83, 81, 98, 331, 0]
Route 3: [0, 142, 269, 306, 63, 304, 323, 44, 155, 248, 368, 369, 0, 376, 8, 103, 28, 36, 0]
Route 4: [0, 136, 391, 295, 288, 400, 375, 177, 181, 297, 374, 49, 0, 322, 321, 225, 234, 229, 45, 241, 17, 12, 0]
Route 5: [0, 55, 247, 16, 279, 111, 195, 110, 345, 364, 239, 10, 190, 0, 84, 397, 7, 153, 14, 0]
Route 6: [0, 73, 390, 197, 74, 326, 249, 112, 192, 351, 24, 30, 0, 135, 301, 119, 105, 20, 310, 172, 0]
Route 7: [0, 186, 0, 228, 298, 162, 87, 389, 286, 289, 350, 280, 116, 371, 130, 358, 0, 58, 0]
Route 8: [0, 377, 346, 199, 264, 320, 281, 362, 233, 258, 366, 290, 0, 343, 257, 231, 384, 53, 180, 184, 284, 0]
Route 9: [0, 232, 40, 372, 392, 253, 275, 148, 62, 6, 200, 251, 37, 378, 0]
Route 10: [0, 50, 31, 101, 237, 158, 149, 67, 189, 205, 95, 35, 0, 332, 114, 291, 386, 353, 188, 80, 0]
Route 11: [0, 285, 352, 173, 179, 243, 316, 165, 127, 196, 2, 0, 357, 219, 117, 235, 309, 244, 43, 203, 131, 182, 0]
Route 12: [0, 90, 360, 108, 141, 168, 380, 89, 4, 1, 271, 109, 216, 227, 319, 0]
Route 13: [0, 337, 312, 354, 19, 42, 146, 68, 113, 96, 94, 0, 208, 0]
Route 14: [0, 118, 65, 138, 123, 52, 266, 224, 154, 261, 77, 0]
Route 15: [0, 32, 328, 278, 9, 156, 147, 230, 342, 265, 100, 64, 338, 99, 0]
Route 16: [0, 194, 104, 333, 381, 283, 308, 133, 206, 120, 178, 0]
Route 17: [0, 329, 363, 214, 76, 23, 256, 296, 143, 144, 0, 18, 86, 300, 124, 159, 26, 5, 347, 0]
Route 18: [0, 164, 313, 361, 169, 140, 72, 318, 349, 238, 161, 211, 393, 0, 85, 277, 379, 61, 220, 183, 202, 0]
Route 19: [0, 245, 355, 210, 39, 204, 317, 276, 107, 242, 3, 348, 344, 370, 0]
Route 20: [0, 47, 207, 97, 170, 226, 191, 166, 314, 163, 34, 0]
Route 21: [0, 29, 157, 356, 246, 57, 305, 152, 82, 335, 299, 336, 102, 0]
Route 22: [0, 359, 270, 222, 46, 259, 125, 282, 13, 22, 193, 262, 201, 0]
Route 23: [0, 93, 92, 11, 341, 302, 394, 382, 174, 294, 339, 137, 185, 0]
Route 24: [0, 398, 250, 121, 383, 150, 213, 75, 334, 268, 388, 160, 0]
Route 25: [0, 217, 236, 128, 106, 252, 132, 387, 365, 293, 187, 0]
Route 26: [0, 287, 145, 134, 255, 25, 218, 171, 21, 395, 54, 88, 274, 223, 176, 0]
Route 27: [0, 307, 385, 91, 324, 330, 373, 151, 56, 0]
Route 28: [0, 315, 139, 263, 71, 51, 79, 122, 292, 27, 303, 198, 0]
Route 29: [0, 260, 215, 175, 48, 70, 0]
