Route 1: [0, 164, 2, 165, 285, 352, 173, 3, 242, 47, 344, 348, 133, 0, 212, 153, 84, 182, 331, 273, 0]
Route 2: [0, 207, 168, 118, 65, 138, 123, 170, 52, 388, 257, 99, 0, 80, 347, 0]
Route 3: [0, 161, 317, 107, 276, 374, 56, 166, 300, 105, 119, 384, 0]
Route 4: [0, 92, 396, 340, 115, 367, 129, 11, 382, 334, 126, 0, 321, 220, 183, 241, 17, 14, 0]
Route 5: [0, 185, 137, 339, 302, 341, 394, 272, 174, 294, 268, 124, 26, 180, 0]
Route 6: [0, 186, 95, 189, 67, 50, 149, 31, 366, 101, 237, 369, 178, 0]
Route 7: [0, 213, 150, 383, 222, 270, 55, 205, 128, 332, 0, 343, 301, 231, 310, 20, 53, 0]
Route 8: [0, 398, 250, 359, 63, 259, 125, 13, 22, 193, 262, 64, 338, 0]
Route 9: [0, 121, 295, 288, 375, 391, 400, 177, 210, 39, 364, 117, 190, 216, 227, 0]
Route 10: [0, 46, 236, 247, 16, 279, 195, 111, 109, 271, 1, 235, 206, 0]
Route 11: [0, 238, 349, 245, 136, 355, 181, 297, 380, 219, 0, 322, 397, 234, 229, 12, 0]
Route 12: [0, 106, 252, 258, 320, 281, 362, 233, 158, 132, 365, 83, 336, 102, 0]
Route 13: [0, 307, 330, 373, 151, 324, 91, 49, 370, 159, 376, 8, 36, 0]
Route 14: [0, 196, 127, 316, 179, 243, 261, 191, 314, 86, 33, 0, 319, 208, 284, 0]
Route 15: [0, 269, 323, 346, 199, 24, 30, 260, 264, 377, 290, 0]
Route 16: [0, 142, 306, 304, 218, 171, 54, 215, 48, 37, 240, 399, 38, 60, 98, 0]
Route 17: [0, 287, 255, 25, 73, 134, 145, 282, 34, 114, 291, 0]
Route 18: [0, 44, 390, 197, 326, 249, 112, 192, 351, 387, 0, 184, 58, 0]
Route 19: [0, 155, 74, 21, 395, 88, 274, 223, 176, 248, 309, 244, 188, 0]
Route 20: [0, 147, 354, 312, 267, 15, 327, 160, 61, 94, 0]
Route 21: [0, 89, 10, 4, 239, 110, 345, 385, 154, 5, 172, 0]
Route 22: [0, 75, 211, 72, 318, 140, 361, 169, 204, 217, 35, 357, 0]
Route 23: [0, 104, 78, 392, 372, 40, 253, 62, 6, 69, 41, 59, 7, 201, 0]
Route 24: [0, 278, 381, 87, 286, 152, 82, 389, 146, 0, 81, 293, 187, 131, 203, 0]
Route 25: [0, 313, 90, 360, 108, 97, 266, 141, 77, 277, 135, 202, 0]
Route 26: [0, 144, 283, 57, 246, 356, 157, 350, 305, 200, 371, 116, 225, 45, 0]
Route 27: [0, 224, 226, 163, 0]
Route 28: [0, 263, 71, 51, 29, 122, 79, 292, 27, 303, 198, 0, 120, 386, 353, 43, 0]
Route 29: [0, 93, 194, 333, 232, 148, 251, 275, 209, 325, 0]
Route 30: [0, 368, 70, 175, 254, 311, 221, 66, 378, 103, 28, 0]
Route 31: [0, 143, 296, 256, 32, 363, 214, 393, 85, 18, 0]
Route 32: [0, 156, 96, 113, 342, 230, 42, 19, 68, 265, 139, 167, 358, 0]
Route 33: [0, 329, 76, 23, 337, 308, 228, 379, 130, 0]
Route 34: [0, 315, 328, 9, 298, 100, 162, 289, 280, 299, 335, 0]
