Route 1: [0, 164, 107, 324, 91, 380, 271, 109, 364, 1, 235, 206, 0]
Route 2: [0, 142, 269, 306, 304, 63, 259, 125, 282, 13, 22, 0, 357, 66, 81, 240, 212, 14, 202, 201, 331, 273, 0]
Route 3: [0, 93, 76, 23, 228, 337, 18, 126, 277, 159, 244, 80, 188, 0]
Route 4: [0, 211, 75, 317, 288, 136, 204, 385, 216, 227, 386, 8, 131, 0]
Route 5: [0, 213, 161, 349, 318, 72, 140, 361, 169, 141, 47, 242, 344, 26, 180, 0]
Route 6: [0, 383, 222, 55, 46, 270, 217, 193, 322, 371, 397, 7, 399, 60, 0, 58, 0]
Route 7: [0, 144, 256, 296, 143, 32, 363, 214, 0, 393, 85, 77, 160, 61, 257, 0]
Route 8: [0, 238, 89, 10, 4, 239, 110, 345, 195, 279, 111, 309, 178, 36, 0]
Route 9: [0, 150, 245, 236, 247, 16, 39, 369, 190, 332, 117, 0, 184, 0]
Route 10: [0, 186, 398, 250, 359, 106, 252, 281, 362, 233, 290, 0, 319, 208, 0]
Route 11: [0, 162, 87, 389, 82, 152, 286, 57, 200, 69, 335, 358, 336, 102, 0]
Route 12: [0, 139, 263, 71, 51, 79, 122, 292, 27, 303, 198, 94, 0]
Route 13: [0, 147, 156, 96, 246, 356, 289, 305, 41, 167, 130, 64, 338, 234, 0]
Route 14: [0, 315, 328, 333, 40, 372, 148, 253, 275, 251, 6, 209, 38, 0]
Route 15: [0, 185, 137, 339, 302, 341, 394, 382, 174, 327, 33, 86, 124, 0, 376, 103, 353, 43, 347, 172, 0]
Route 16: [0, 381, 100, 113, 265, 342, 230, 68, 42, 19, 146, 388, 301, 0]
Route 17: [0, 276, 307, 330, 373, 151, 56, 374, 49, 219, 0, 321, 220, 183, 225, 229, 241, 17, 0]
Route 18: [0, 316, 165, 224, 266, 138, 65, 123, 52, 170, 166, 154, 133, 0]
Route 19: [0, 313, 196, 243, 179, 173, 352, 285, 261, 34, 120, 0]
Route 20: [0, 168, 207, 97, 191, 314, 268, 294, 300, 384, 0]
Route 21: [0, 283, 92, 115, 367, 129, 267, 15, 11, 272, 119, 105, 0]
Route 22: [0, 194, 278, 9, 298, 29, 157, 350, 280, 116, 343, 12, 0]
Route 23: [0, 329, 104, 232, 78, 392, 62, 299, 262, 153, 84, 0]
Route 24: [0, 2, 127, 90, 360, 108, 3, 348, 334, 370, 28, 182, 0]
Route 25: [0, 368, 171, 21, 197, 74, 54, 48, 37, 83, 365, 378, 187, 203, 0]
Route 26: [0, 175, 70, 254, 311, 221, 325, 59, 135, 99, 45, 0]
Route 27: [0, 199, 264, 24, 30, 260, 320, 134, 351, 132, 387, 98, 0]
Route 28: [0, 255, 390, 326, 249, 112, 192, 176, 248, 0, 291, 114, 5, 20, 310, 53, 284, 0]
Route 29: [0, 44, 155, 218, 88, 274, 223, 395, 215, 293, 0]
Route 30: [0, 396, 340, 312, 354, 308, 379, 231, 0]
Route 31: [0, 118, 226, 163, 0]
Route 32: [0, 95, 189, 67, 50, 149, 31, 258, 366, 101, 237, 158, 0]
Route 33: [0, 121, 391, 295, 375, 355, 177, 181, 297, 210, 400, 35, 0]
Route 34: [0, 323, 287, 25, 73, 346, 377, 145, 205, 128, 0]
