Route 1: [0, 245, 391, 295, 288, 297, 181, 177, 210, 355, 400, 136, 0, 99, 61, 257, 388, 384, 310, 105, 20, 53, 0]
Route 2: [0, 147, 156, 265, 113, 139, 79, 263, 230, 42, 19, 146, 68, 94, 0, 114, 291, 5, 347, 172, 0]
Route 3: [0, 96, 342, 71, 51, 122, 29, 292, 27, 303, 198, 0, 178, 120, 376, 8, 386, 43, 353, 188, 36, 58, 0]
Route 4: [0, 196, 127, 165, 243, 352, 285, 334, 33, 327, 18, 277, 0, 229, 220, 183, 45, 301, 184, 0]
Route 5: [0, 367, 129, 341, 302, 382, 339, 185, 137, 294, 174, 124, 77, 159, 0, 321, 225, 241, 202, 12, 208, 284, 0]
Route 6: [0, 396, 340, 115, 15, 267, 11, 394, 300, 268, 86, 0]
Route 7: [0, 173, 179, 261, 314, 163, 191, 166, 154, 133, 206, 80, 244, 0]
Route 8: [0, 186, 164, 316, 360, 108, 207, 204, 39, 117, 219, 0, 103, 28, 131, 182, 331, 0]
Route 9: [0, 194, 315, 283, 308, 337, 228, 312, 272, 92, 160, 338, 234, 0]
Route 10: [0, 313, 2, 90, 97, 370, 141, 47, 242, 344, 3, 348, 126, 319, 0]
Route 11: [0, 266, 224, 226, 138, 123, 170, 52, 65, 168, 85, 0, 322, 371, 397, 7, 153, 399, 38, 60, 98, 0]
Route 12: [0, 306, 63, 304, 44, 255, 25, 73, 155, 282, 125, 0, 66, 83, 240, 212, 81, 293, 187, 203, 0]
Route 13: [0, 269, 323, 287, 134, 24, 30, 260, 320, 281, 233, 362, 199, 0, 135, 17, 14, 201, 273, 0]
Route 14: [0, 349, 72, 375, 89, 10, 279, 110, 345, 111, 109, 271, 364, 1, 235, 0]
Route 15: [0, 100, 298, 381, 9, 278, 389, 82, 305, 289, 116, 299, 335, 0]
Route 16: [0, 333, 232, 78, 40, 209, 221, 254, 37, 48, 336, 102, 0]
Route 17: [0, 390, 197, 326, 249, 112, 192, 264, 205, 227, 0]
Route 18: [0, 329, 368, 218, 171, 21, 395, 54, 88, 274, 223, 176, 248, 378, 0]
Route 19: [0, 328, 162, 87, 152, 286, 57, 246, 356, 157, 350, 280, 200, 0]
Route 20: [0, 118, 354, 379, 0]
Route 21: [0, 398, 121, 383, 318, 140, 211, 75, 393, 0, 35, 357, 22, 193, 262, 130, 358, 343, 0]
Route 22: [0, 250, 359, 270, 46, 55, 106, 128, 252, 290, 132, 387, 365, 0]
Route 23: [0, 107, 276, 56, 373, 151, 324, 91, 330, 49, 0]
Route 24: [0, 104, 372, 392, 148, 253, 275, 251, 62, 6, 69, 41, 0]
Route 25: [0, 213, 150, 238, 161, 361, 169, 317, 374, 307, 385, 190, 0]
Route 26: [0, 70, 175, 215, 74, 351, 377, 34, 26, 119, 231, 180, 0]
Route 27: [0, 142, 346, 145, 259, 13, 311, 325, 167, 59, 64, 84, 0]
Route 28: [0, 93, 144, 256, 296, 143, 23, 76, 32, 363, 214, 0, 217, 369, 216, 309, 0]
Route 29: [0, 222, 236, 247, 16, 195, 239, 4, 380, 332, 0]
Route 30: [0, 95, 189, 67, 50, 149, 31, 258, 366, 101, 237, 158, 0]
