Route 1: [0, 95, 189, 67, 50, 149, 101, 366, 31, 237, 158, 0, 66, 81, 83, 240, 212, 60, 187, 182, 331, 273, 0]
Route 2: [0, 75, 161, 238, 349, 318, 72, 140, 169, 361, 85, 393, 0, 18, 160, 61, 257, 388, 119, 310, 105, 20, 53, 0]
Route 3: [0, 93, 144, 256, 296, 143, 23, 76, 32, 363, 214, 0, 22, 193, 41, 59, 167, 358, 130, 397, 371, 225, 234, 229, 17, 0]
Route 4: [0, 92, 115, 367, 267, 129, 341, 302, 394, 382, 174, 268, 124, 86, 33, 0, 153, 7, 399, 38, 98, 201, 58, 0]
Route 5: [0, 108, 360, 52, 123, 170, 90, 3, 344, 348, 77, 277, 0, 322, 99, 301, 319, 231, 384, 180, 0]
Route 6: [0, 313, 266, 224, 226, 138, 65, 118, 163, 154, 133, 0, 376, 353, 43, 8, 28, 203, 131, 36, 0]
Route 7: [0, 2, 196, 127, 165, 316, 243, 179, 173, 285, 352, 0, 35, 357, 262, 64, 220, 183, 241, 202, 208, 284, 184, 0]
Route 8: [0, 186, 0, 121, 217, 136, 288, 177, 181, 89, 195, 109, 271, 190, 378, 84, 14, 0]
Route 9: [0, 142, 255, 73, 192, 112, 249, 326, 197, 74, 387, 336, 102, 0]
Route 10: [0, 398, 250, 359, 55, 252, 106, 128, 236, 369, 332, 0, 103, 120, 178, 5, 347, 172, 0]
Route 11: [0, 333, 232, 392, 372, 148, 253, 275, 251, 62, 6, 69, 0, 206, 114, 291, 80, 244, 188, 0]
Route 12: [0, 396, 340, 11, 294, 137, 185, 166, 334, 126, 0, 135, 321, 45, 343, 12, 0]
Route 13: [0, 259, 63, 306, 304, 155, 44, 287, 25, 134, 281, 362, 233, 290, 0]
Route 14: [0, 278, 9, 381, 87, 389, 286, 356, 200, 335, 299, 0]
Route 15: [0, 383, 222, 46, 270, 295, 391, 375, 297, 1, 364, 235, 0]
Route 16: [0, 211, 276, 374, 56, 330, 91, 324, 151, 26, 0]
Route 17: [0, 218, 395, 54, 88, 274, 223, 176, 70, 175, 215, 48, 37, 293, 0]
Route 18: [0, 368, 171, 21, 390, 351, 24, 260, 258, 205, 0]
Route 19: [0, 283, 315, 328, 194, 329, 125, 282, 13, 248, 132, 227, 216, 0]
Route 20: [0, 269, 323, 145, 377, 346, 199, 264, 30, 320, 34, 159, 0]
Route 21: [0, 168, 207, 97, 261, 191, 314, 339, 15, 327, 272, 300, 0]
Route 22: [0, 164, 141, 47, 242, 107, 317, 204, 39, 210, 400, 219, 309, 386, 0]
Route 23: [0, 228, 265, 79, 122, 29, 292, 51, 27, 303, 198, 338, 0]
Route 24: [0, 337, 308, 312, 354, 42, 379, 0]
Route 25: [0, 147, 156, 96, 113, 139, 263, 71, 342, 230, 19, 146, 68, 94, 0]
Route 26: [0, 213, 150, 355, 380, 385, 307, 373, 49, 370, 0]
Route 27: [0, 104, 78, 40, 209, 221, 254, 311, 325, 365, 0]
Route 28: [0, 245, 247, 16, 10, 4, 239, 110, 345, 111, 279, 117, 0]
Route 29: [0, 298, 100, 162, 82, 152, 305, 57, 246, 157, 350, 289, 116, 280, 0]
