Route 1: [0, 236, 247, 16, 10, 279, 111, 309, 227, 216, 244, 80, 188, 0]
Route 2: [0, 263, 71, 51, 79, 122, 29, 292, 27, 303, 198, 388, 0, 376, 103, 28, 131, 203, 187, 182, 36, 58, 0]
Route 3: [0, 295, 89, 4, 239, 195, 110, 345, 364, 109, 271, 34, 159, 284, 0, 331, 273, 0]
Route 4: [0, 73, 390, 112, 249, 326, 74, 197, 192, 351, 132, 365, 378, 0, 202, 45, 241, 17, 14, 201, 0]
Route 5: [0, 298, 100, 162, 87, 389, 152, 289, 116, 338, 64, 321, 0, 347, 172, 0]
Route 6: [0, 296, 265, 113, 139, 342, 230, 146, 126, 277, 124, 231, 0]
Route 7: [0, 232, 40, 372, 392, 148, 253, 275, 251, 62, 6, 200, 371, 322, 0, 319, 208, 0]
Route 8: [0, 185, 137, 339, 302, 341, 394, 382, 174, 294, 268, 86, 33, 0, 386, 353, 43, 8, 0]
Route 9: [0, 346, 199, 264, 320, 260, 30, 24, 134, 377, 145, 0, 183, 220, 225, 234, 229, 12, 98, 0]
Route 10: [0, 204, 288, 177, 355, 210, 181, 297, 380, 1, 235, 206, 190, 0, 178, 120, 0]
Route 11: [0, 323, 44, 155, 218, 171, 21, 395, 54, 274, 223, 176, 248, 0, 343, 301, 0]
Route 12: [0, 307, 91, 324, 385, 330, 373, 151, 56, 0, 81, 293, 336, 102, 0]
Route 13: [0, 95, 189, 67, 50, 149, 101, 366, 258, 31, 237, 158, 290, 0, 114, 291, 5, 0]
Route 14: [0, 312, 354, 147, 156, 68, 42, 19, 61, 160, 257, 0, 384, 310, 20, 53, 0]
Route 15: [0, 90, 266, 138, 65, 118, 123, 52, 170, 154, 26, 180, 0]
Route 16: [0, 194, 104, 333, 78, 209, 325, 69, 41, 59, 167, 0, 153, 0]
Route 17: [0, 142, 269, 368, 311, 254, 221, 48, 130, 358, 7, 397, 0]
Route 18: [0, 143, 256, 283, 328, 278, 9, 381, 228, 96, 280, 94, 0]
Route 19: [0, 396, 92, 115, 367, 15, 267, 11, 129, 272, 340, 335, 84, 0]
Route 20: [0, 173, 316, 196, 2, 47, 141, 261, 191, 166, 300, 133, 0]
Route 21: [0, 398, 359, 287, 255, 25, 281, 362, 233, 205, 387, 0]
Route 22: [0, 161, 318, 150, 222, 46, 55, 252, 106, 128, 369, 332, 0]
Route 23: [0, 213, 349, 72, 140, 317, 107, 276, 49, 374, 39, 117, 38, 399, 0]
Route 24: [0, 313, 127, 165, 243, 179, 352, 285, 18, 262, 193, 212, 60, 0]
Route 25: [0, 144, 93, 214, 363, 32, 76, 23, 308, 337, 135, 0]
Route 26: [0, 250, 306, 304, 63, 259, 125, 282, 13, 22, 357, 35, 0]
Route 27: [0, 383, 245, 391, 375, 400, 136, 217, 270, 393, 184, 0]
Route 28: [0, 186, 121, 238, 211, 75, 361, 169, 85, 164, 334, 99, 0]
Route 29: [0, 315, 82, 305, 286, 57, 246, 350, 157, 356, 299, 119, 105, 0]
Route 30: [0, 97, 224, 226, 163, 314, 327, 379, 0]
Route 31: [0, 168, 207, 360, 108, 242, 344, 77, 348, 3, 370, 219, 0]
Route 32: [0, 329, 70, 175, 215, 88, 66, 37, 240, 83, 0]
