Route 1: [0, 295, 89, 10, 4, 239, 110, 345, 195, 111, 279, 190, 206, 0, 301, 129, 394, 302, 339, 277, 284, 0]
Route 2: [0, 222, 46, 55, 236, 247, 128, 332, 117, 309, 244, 188, 270, 0]
Route 3: [0, 250, 95, 189, 67, 31, 258, 366, 101, 237, 158, 290, 359, 0, 36, 103, 353, 235, 109, 271, 347, 204, 172, 140, 0]
Route 4: [0, 245, 391, 288, 375, 177, 297, 374, 49, 370, 133, 127, 159, 85, 0]
Route 5: [0, 186, 398, 306, 304, 259, 215, 175, 48, 336, 66, 262, 201, 0]
Route 6: [0, 75, 211, 161, 213, 169, 361, 393, 400, 369, 178, 120, 376, 131, 0]
Route 7: [0, 383, 238, 349, 107, 373, 56, 1, 364, 114, 291, 80, 0]
Route 8: [0, 155, 197, 74, 326, 249, 112, 192, 233, 362, 25, 132, 387, 102, 0]
Route 9: [0, 164, 317, 136, 217, 210, 39, 219, 276, 34, 0, 12, 283, 143, 0]
Route 10: [0, 207, 168, 118, 65, 52, 170, 344, 348, 77, 92, 396, 0, 312, 257, 354, 51, 122, 139, 96, 146, 0]
Route 11: [0, 106, 252, 282, 125, 357, 35, 0, 121, 150, 105, 310, 119, 384, 273, 331, 0]
Route 12: [0, 2, 165, 90, 360, 108, 47, 242, 3, 18, 126, 0, 13, 81, 293, 390, 351, 287, 187, 0]
Route 13: [0, 307, 324, 91, 380, 385, 100, 321, 17, 315, 0]
Route 14: [0, 232, 78, 40, 372, 392, 148, 253, 275, 251, 62, 59, 322, 38, 60, 0]
Route 15: [0, 87, 389, 162, 305, 299, 167, 82, 234, 338, 292, 202, 0]
Route 16: [0, 346, 199, 264, 30, 260, 320, 377, 145, 216, 227, 386, 0]
Route 17: [0, 278, 381, 9, 298, 22, 193, 83, 240, 200, 371, 41, 14, 0]
Route 18: [0, 368, 218, 171, 21, 395, 54, 88, 223, 176, 248, 274, 365, 378, 0]
Route 19: [0, 142, 269, 44, 255, 73, 134, 24, 281, 205, 0, 355, 181, 5, 330, 151, 138, 123, 53, 0]
Route 20: [0, 16, 0]
Route 21: [0, 137, 185, 191, 314, 268, 300, 231, 28, 203, 63, 182, 0]
Route 22: [0, 196, 316, 243, 179, 173, 352, 285, 261, 0, 135, 358, 397, 7, 153, 221, 37, 212, 98, 0]
Route 23: [0, 104, 333, 152, 286, 57, 246, 356, 157, 350, 289, 335, 116, 0, 8, 43, 50, 149, 323, 0]
Route 24: [0, 329, 23, 76, 32, 214, 363, 325, 130, 209, 399, 0]
Route 25: [0, 70, 254, 311, 0, 99, 183, 220, 229, 64, 280, 225, 6, 69, 84, 0]
Route 26: [0, 194, 263, 79, 29, 27, 303, 198, 379, 388, 208, 184, 0]
Route 27: [0, 340, 115, 367, 341, 382, 267, 15, 327, 33, 86, 319, 0, 318, 72, 58, 0]
Route 28: [0, 93, 147, 71, 342, 230, 42, 19, 68, 20, 26, 224, 154, 180, 141, 0]
Route 29: [0, 343, 156, 113, 265, 228, 272, 160, 61, 94, 45, 241, 0]
Route 30: [0, 266, 226, 163, 166, 124, 334, 0]
Route 31: [0, 313, 97, 11, 174, 294, 0]
Route 32: [0, 144, 296, 256, 328, 337, 308, 0]
