Route 1: [0, 250, 10, 239, 110, 345, 195, 364, 109, 271, 1, 89, 190, 332, 0, 103, 50, 189, 205, 43, 106, 128, 188, 0]
Route 2: [0, 147, 139, 263, 71, 79, 27, 303, 340, 129, 11, 394, 0, 371, 200, 82, 389, 116, 225, 64, 220, 183, 0]
Route 3: [0, 278, 328, 156, 265, 342, 42, 68, 198, 160, 61, 146, 228, 343, 0, 36, 28, 359, 121, 383, 349, 318, 72, 140, 393, 0]
Route 4: [0, 307, 330, 324, 151, 373, 56, 374, 49, 219, 0, 245, 206, 291, 5, 347, 91, 161, 58, 0]
Route 5: [0, 252, 67, 149, 31, 258, 366, 101, 237, 158, 369, 222, 270, 0, 178, 120, 16, 309, 111, 279, 4, 177, 355, 117, 0]
Route 6: [0, 75, 168, 226, 138, 65, 52, 170, 370, 348, 2, 0, 15, 367, 396, 19, 230, 113, 96, 100, 99, 0]
Route 7: [0, 368, 218, 171, 21, 395, 54, 274, 88, 215, 48, 70, 102, 83, 240, 0, 77, 360, 180, 53, 123, 224, 154, 384, 127, 284, 0]
Route 8: [0, 97, 266, 163, 20, 105, 310, 191, 166, 314, 231, 124, 0, 153, 84, 69, 148, 130, 209, 38, 221, 254, 0]
Route 9: [0, 155, 44, 287, 255, 25, 73, 134, 145, 362, 233, 290, 203, 0, 398, 376, 8, 131, 304, 187, 323, 306, 63, 259, 125, 182, 0]
Route 10: [0, 211, 295, 288, 375, 181, 297, 210, 39, 361, 85, 184, 0, 23, 283, 315, 45, 94, 298, 241, 17, 104, 262, 201, 0]
Route 11: [0, 164, 196, 165, 133, 90, 108, 47, 242, 3, 344, 18, 0, 135, 321, 397, 6, 7, 333, 41, 194, 12, 0]
Route 12: [0, 213, 238, 169, 217, 400, 136, 35, 357, 216, 227, 244, 80, 204, 107, 313, 0]
Route 13: [0, 87, 152, 286, 57, 356, 246, 305, 289, 350, 234, 335, 322, 14, 0, 229, 29, 122, 292, 51, 354, 257, 312, 0]
Route 14: [0, 277, 316, 243, 179, 173, 352, 285, 261, 126, 0, 66, 81, 293, 74, 197, 264, 281, 199, 377, 0]
Route 15: [0, 186, 0, 144, 256, 337, 267, 294, 268, 33, 86, 338, 280, 202, 214, 0]
Route 16: [0, 142, 269, 346, 260, 30, 320, 24, 192, 132, 378, 0, 46, 386, 353, 247, 235, 114, 391, 150, 0]
Route 17: [0, 93, 296, 381, 9, 162, 157, 299, 379, 388, 92, 319, 0, 98, 60, 212, 193, 143, 0]
Route 18: [0, 232, 78, 40, 372, 392, 253, 275, 251, 62, 399, 325, 167, 59, 0, 208, 308, 301, 334, 118, 207, 159, 0]
Route 19: [0, 185, 115, 341, 174, 382, 327, 272, 302, 339, 300, 137, 119, 0, 273, 331, 22, 0]
Route 20: [0, 55, 236, 380, 385, 34, 26, 141, 276, 317, 172, 0]
Route 21: [0, 329, 76, 32, 363, 311, 358, 37, 336, 175, 223, 176, 0]
Route 22: [0, 95, 249, 326, 112, 351, 390, 248, 365, 387, 13, 0]
Route 23: [0, 282, 0]
